file_path,churn_score,complexity_score,hotspot_score,commit_count,lines_added,lines_removed,author_count
packages/host/src/components/AccountEnquiry/AllAccount/AllAccountTab.tsx,100.00,100.00,100.00,50,1557,1142,14
packages/host/src/components/AccountEnquiry/MyAccountGroups/MyAccountGroupsTab.tsx,100.00,100.00,100.00,40,1062,432,15
packages/host/src/components/AccountManagement/AccountDetails/EditAccountDetails/EditAccountDetailsStepOne.tsx,100.00,100.00,100.00,27,1406,441,9
packages/host/src/components/CreateNewUser/AddBasicDetailsForm.tsx,100.00,100.00,100.00,35,1360,674,14
packages/host/src/components/EntitlementManagement/LoaGroup/CreateLoaGroupInformation.tsx/addUsersModal.tsx,100.00,100.00,100.00,39,805,340,9
packages/host/src/components/EntitlementManagement/LoaRule/CreateLoaRuleCondition.test.tsx,100.00,100.00,100.00,26,1166,216,14
packages/host/src/components/EntitlementManagement/LoaRule/CreateLoaRuleCondition.tsx,100.00,100.00,100.00,38,1134,648,12
packages/host/src/components/EntitlementManagement/LoaRule/EditLoaRuleCondition.tsx,100.00,100.00,100.00,32,1859,624,12
packages/host/src/components/EntitlementManagement/LoaRule/LoaRuleDetailContent/LoaMatrixSections.tsx,100.00,100.00,100.00,51,1865,706,13
packages/host/src/components/EntitlementManagement/LoaRule/LoaRuleLandingTab.tsx,100.00,100.00,100.00,48,1697,981,16
packages/host/src/components/Login/LoginForm.tsx,100.00,100.00,100.00,48,1057,484,12
packages/host/src/components/ToDoList/PendingAction.tsx,100.00,100.00,100.00,52,3992,2087,18
packages/host/src/components/UserManagement/CreateUser/UserSubmissionSummary.tsx,100.00,100.00,100.00,33,750,231,12
packages/host/src/components/UserManagement/Templates/AddedUsersDetails/AddedUserTab.tsx,100.00,100.00,100.00,52,2135,680,18
packages/host/src/components/UserManagement/Templates/EntitlementTemplatesTab.tsx,100.00,100.00,100.00,29,1486,709,15
packages/host/src/components/UserManagement/UserDetail/UserDetailManagementComponent.tsx,100.00,100.00,100.00,30,3156,1611,11
packages/host/src/components/Workflow/TaskStatus.test.tsx,100.00,100.00,100.00,28,6867,2431,10
packages/host/src/components/Workflow/TaskStatus.tsx,100.00,100.00,100.00,42,3150,1956,16
packages/host/src/features/accountSlice.ts,100.00,100.00,100.00,46,2958,1833,13
packages/host/src/features/entitlementSlice.ts,100.00,100.00,100.00,65,3688,558,19
packages/host/src/features/profileSlice.ts,100.00,100.00,100.00,53,2552,1472,14
packages/host/src/hooks/useWorkflowNavigation.ts,100.00,100.00,100.00,29,1604,902,13
packages/host/src/pages/AccountEnquiry/AccountGroup/NewEditAccountGroups.tsx,100.00,100.00,100.00,29,1321,476,8
packages/host/src/pages/AccountManagement/AccountDetailsViewLanding.tsx,100.00,100.00,100.00,38,1300,443,12
packages/host/src/pages/AdminManagement/ApprovalMatrixManagement/ApprovalGroup/ApprovalGroupDetailsComponent.tsx,100.00,100.00,100.00,31,737,406,12
packages/host/src/pages/AdminManagement/ApprovalMatrixManagement/ApprovalGroup/ApprovalGroupLanding.tsx,100.00,100.00,100.00,37,1415,689,13
packages/host/src/pages/AdminManagement/ApprovalMatrixManagement/CreateLoaApprovalGroup/ApprovalGroupInformation.tsx,100.00,100.00,100.00,51,1184,730,16
packages/host/src/pages/AdminManagement/ApprovalMatrixManagement/CreateLoaApprovalGroup/CreateNewLoaGroup.tsx,100.00,100.00,100.00,47,919,645,14
packages/host/src/pages/AdminManagement/ApprovalMatrixManagement/CreateLoaApprovalGroup/ReviewLoaApprovalGroup.tsx,100.00,100.00,100.00,29,515,685,12
packages/host/src/pages/AdminManagement/CompanyManagement/CompanyManagementLanding.tsx,100.00,100.00,100.00,28,510,249,12
packages/host/src/pages/AdminManagement/CompanyManagement/ServiceLimit.tsx,100.00,100.00,100.00,32,923,598,13
packages/host/src/pages/AdminManagement/EntitlementManagement/Advance/CreateNewLoaRule.tsx,100.00,100.00,100.00,55,870,736,15
packages/host/src/pages/AdminManagement/EntitlementManagement/Advance/UpdateLoaRule.tsx,100.00,100.00,100.00,53,1251,652,14
packages/host/src/pages/AdminManagement/EntitlementManagement/LoaRuleDetail.tsx,100.00,100.00,100.00,45,806,270,13
packages/host/src/pages/AdminManagement/EntitlementManagement/Simple/CreateNewLoaRuleSimple.tsx,100.00,100.00,100.00,34,846,313,13
packages/host/src/pages/AdminManagement/EntitlementManagement/Simple/EditLoaRuleSimple.tsx,100.00,100.00,100.00,37,743,236,13
packages/host/src/pages/Login/FirstTimeSetup/FirstTimeSetup.tsx,100.00,100.00,100.00,38,1680,996,9
packages/host/src/pages/Taskbox/InstructionDetail.tsx,100.00,100.00,100.00,72,3010,1375,20
packages/host/src/pages/UserManagement/UserDetailLanding.tsx,100.00,100.00,100.00,36,553,573,12
packages/host/src/utils/axiosInstance.ts,100.00,100.00,100.00,45,835,341,15
packages/host/src/components/AccountEnquiry/MyAccountGroups/AccountGroupDetailsStep.test.tsx,98.04,100.00,99.01,25,1710,272,10
packages/host/src/components/ToDoList/TCTodo.tsx,98.04,100.00,99.01,25,2049,1191,14
packages/host/src/components/UserManagement/Templates/CreateEditTemplate/ReviewForm.tsx,94.12,100.00,97.01,24,1454,563,9
packages/host/src/components/WorkflowManagement/RegisteredServicesAccordion/RegisteredServices.tsx,94.12,100.00,97.01,24,556,118,10
packages/host/src/components/AccountManagement/AccountDetails/AccountDetailsList/AccountList.tsx,100.00,93.75,96.82,30,599,231,11
packages/host/src/components/EntitlementManagement/LoaGroup/LoaGroupLandingTab.tsx,100.00,93.75,96.82,38,823,422,15
packages/host/src/pages/Dashboard/Dashboard.tsx,100.00,93.75,96.82,32,1153,678,15
packages/host/src/pages/UserManagement/TemplateDetailLanding.tsx,100.00,93.75,96.82,37,1913,657,11
packages/host/src/components/CompanyProfile/GeneralSettingsCM.tsx,90.20,100.00,94.97,23,410,204,10
packages/host/src/components/EntitlementManagement/LoaRule/SetupLoaRule.tsx,90.20,100.00,94.97,23,457,150,10
packages/host/src/components/NavBar/NavBar.tsx,100.00,87.50,93.54,27,962,690,14
packages/host/src/components/AccountManagement/AccountDetails/EditAccountDetails/EditAccountDetailsStepTwo.test.tsx,86.27,100.00,92.88,22,1701,136,10
packages/host/src/components/AdminManagement/ApprovalMatrixManagement/CreateLoaApprovalGroup/ApprovalGroupInformation.tsx,86.27,100.00,92.88,22,762,327,12
packages/host/src/components/Dashboard/Widgets/BalanceByAccountChart.tsx,86.27,100.00,92.88,22,1614,681,10
packages/host/src/components/Login/ForgotPassword/AuthWithMFA.tsx,86.27,100.00,92.88,22,396,247,8
packages/host/src/components/UserManagement/Templates/CreateEditTemplate/SetLimitsForm.tsx,86.27,100.00,92.88,22,1991,835,9
packages/host/src/features/lookupSlice.ts,86.27,100.00,92.88,22,3020,1408,12
packages/host/src/hooks/useNotification.ts,86.27,100.00,92.88,22,580,187,11
packages/host/src/features/notification.ts,82.35,100.00,90.75,21,1299,549,11
packages/host/src/components/AccountEnquiry/AllAccount/AccountDetails/TransactionHistoryAndScheduledTransactionTab/AccountDetailsComponent.tsx,100.00,81.25,90.14,33,1651,1318,12
packages/host/src/components/AccountEnquiry/MyAccountGroups/AccountGroupDetails/AccountGroupsComponent.tsx,100.00,81.25,90.14,35,812,278,10
packages/host/src/components/AccountManagement/AccountDetails/EditAccountDetails/EditAccountDetailsStepTwo.tsx,100.00,81.25,90.14,32,1479,661,10
packages/host/src/components/CreateNewUser/CompanySelection/CompanyCard.tsx,78.43,100.00,88.56,20,561,154,9
packages/host/src/components/InstructionModal/InstructionModal.tsx,78.43,100.00,88.56,20,1027,412,11
packages/host/src/features/contentSlice.ts,78.43,100.00,88.56,20,1090,350,10
packages/host/src/pages/Login/FirstTimeSetup/AuthenticateWithMFA.tsx,78.43,100.00,88.56,20,258,189,6
packages/host/src/components/CompanyProfile/CompanyDetailsComponent.tsx,100.00,75.00,86.60,29,631,485,11
packages/host/src/hooks/useTemplateForm.ts,100.00,75.00,86.60,42,2119,823,13
packages/host/src/pages/UserManagement/UploadSupportDocument.tsx,100.00,75.00,86.60,28,793,336,11
packages/host/src/components/Login/ForgotPassword/ForgotPassword.tsx,74.51,100.00,86.32,19,216,259,6
packages/host/src/components/CompanyProfile/EditGeneralSettings.tsx,90.20,81.25,85.61,23,597,271,8
packages/host/src/components/Dashboard/TotalBalanceByLocationStacked.tsx,70.59,100.00,84.02,18,641,285,8
packages/host/src/pages/AccountEnquiry/AccountList/AccountDetailsLanding.tsx,70.59,100.00,84.02,18,509,449,8
packages/host/src/components/NavBar/ProfileButton.tsx,100.00,68.75,82.92,26,589,175,14
packages/host/src/hooks/useUserManagementAction.tsx,100.00,68.75,82.92,26,439,194,11
packages/host/src/pages/Login/LoginSMBC.tsx,100.00,68.75,82.92,47,631,213,12
packages/host/src/components/Login/SoftTokenForm.tsx,78.43,87.50,82.84,20,249,173,7
packages/host/src/pages/AdminManagement/ApprovalMatrixManagement/CreateLoaApprovalGroup/ApprovalGroupInformation.test.tsx,90.20,75.00,82.25,23,7406,5755,13
packages/host/src/components/AccountEnquiry/MyAccountGroups/TableColumn.tsx,82.35,81.25,81.80,21,396,145,10
packages/host/src/pages/AdminManagement/ApprovalMatrixManagement/ApprovalGroup/ApprovalGroupHeader.tsx,82.35,81.25,81.80,21,192,66,13
packages/host/src/components/AccountManagement/AccountDetails/EditAccountDetails/EditAccountDetailsLanding.tsx,66.67,100.00,81.65,17,666,378,7
packages/host/src/components/Filters/AddedUserFilter.tsx,66.67,100.00,81.65,17,690,176,12
packages/host/src/components/UserManagement/Templates/CreateEditTemplate/RenderAccountRow.tsx,66.67,100.00,81.65,17,1199,469,10
packages/host/src/features/reportSlice.ts,66.67,100.00,81.65,17,8054,1689,7
packages/host/src/components/SMBCTable/SMBCTable.tsx,70.59,93.75,81.35,18,439,85,9
packages/host/src/components/CompanyProfile/EditServiceConfigurations.tsx,86.27,75.00,80.44,22,501,169,12
packages/host/src/components/Reports/ReportHistory/ReportHistory.tsx,62.75,100.00,79.21,16,3088,585,6
packages/host/src/components/Reports/ScheduledReports/ScheduledReports.tsx,62.75,100.00,79.21,16,2704,619,6
packages/host/src/components/SMBCInputField/SMBCInputField.tsx,62.75,100.00,79.21,16,237,30,9
packages/host/src/components/InstructionFilterModal/InstructionFilter.tsx,74.51,81.25,77.81,19,355,97,13
packages/host/src/components/Layouts/MainLayout/MainLayout.tsx,58.82,100.00,76.70,15,453,41,7
packages/host/src/components/NavBar/NotificationInbox/NotificationItem.tsx,58.82,100.00,76.70,15,921,437,11
packages/host/src/components/UserManagement/Templates/AddDomainUsers/AddDomainUsers.tsx,58.82,100.00,76.70,15,411,95,6
packages/host/src/components/UserProfile/UserProfileComponent.tsx,58.82,100.00,76.70,15,908,319,9
packages/host/src/pages/Dashboard/EditWidgetShortcuts.tsx,58.82,100.00,76.70,15,900,154,7
packages/host/src/pages/Login/FirstTimeSetup/AuthenticateWithMFA.test.tsx,58.82,100.00,76.70,15,1369,573,8
packages/host/src/pages/Taskbox/InstructionDynamicHeader.tsx,58.82,100.00,76.70,15,128,53,8
packages/host/src/components/EntitlementManagement/LoaRule/TableColumn.tsx,94.12,62.50,76.70,24,1165,820,12
packages/host/src/components/AccountManagement/AccountDetails/AccountDetailsList/AccountManagementHeaders.tsx,66.67,87.50,76.38,17,289,73,10
packages/host/src/components/Login/OTPContent.tsx,100.00,56.25,75.00,36,327,149,10
packages/host/src/utils/approvalGroup/approvalGroupUtils.ts,74.51,75.00,74.75,19,482,73,11
packages/host/src/components/LanguageDropdown/LanguageDropdown.tsx,58.82,93.75,74.26,15,524,324,9
packages/host/src/components/CompanyProfile/EditCompanyContact.tsx,62.75,87.50,74.10,16,488,260,8
packages/host/src/components/Dashboard/BalanceTransitionAccount/BalanceTransitionAccount.tsx,62.75,87.50,74.10,16,797,372,8
packages/host/src/components/CompanyProfile/DocumentProtectionCM.tsx,54.90,93.75,71.74,14,147,44,9
packages/host/src/components/CreateNewUser/ReviewAndSubmit/ReviewUserLimit.tsx,58.82,87.50,71.74,15,620,351,6
packages/host/src/components/Login/ForgotPassword/AuthWithHardToken.tsx,58.82,87.50,71.74,15,249,179,5
packages/host/src/components/Login/OTPForm.tsx,74.51,68.75,71.57,19,235,115,7
packages/host/src/components/AccountEnquiry/MyAccountGroups/AccountGroupReviewStep.tsx,50.98,100.00,71.40,13,550,70,8
packages/host/src/components/AccountEnquiry/MyAccountGroups/TableColumn.test.tsx,50.98,100.00,71.40,13,532,29,10
packages/host/src/components/CompanyProfile/SetNewPassword.tsx,50.98,100.00,71.40,13,240,71,10
packages/host/src/components/CreateNewUser/CompanySelectionForm.tsx,50.98,100.00,71.40,13,553,335,3
packages/host/src/components/Reports/ReportDetailLanding/ReportDetailHeader.tsx,50.98,100.00,71.40,13,1308,268,6
packages/host/src/components/SMBCSaveDraftModal/SMBCSaveDraftModal.tsx,50.98,100.00,71.40,13,186,93,8
packages/host/src/components/UserManagement/CompanyDetail/UserAccountTable.tsx,50.98,100.00,71.40,13,624,376,8
packages/host/src/components/UserManagement/CompanyDetail/UserEntitlementsTable.tsx,50.98,100.00,71.40,13,1088,580,9
packages/host/src/pages/Reports/RequestNewReport.tsx,62.75,81.25,71.40,16,2831,630,5
packages/host/src/hooks/useAuth.ts,100.00,50.00,70.71,59,1704,471,16
packages/host/src/components/EntitlementManagement/LoaRule/SequenceContainer.tsx,66.67,75.00,70.71,17,341,140,10
packages/host/src/components/UserManagement/Templates/TCEntitlementTemplate.tsx,66.67,75.00,70.71,17,601,351,13
packages/host/src/pages/AdminManagement/CompanyManagement/EditCompanyDetails.tsx,86.27,56.25,69.66,22,392,179,10
packages/host/src/components/UserManagement/Templates/CreateEditTemplate/AddServiceModal.tsx,54.90,87.50,69.31,14,532,186,8
packages/host/src/components/UserProfile/EditNotification/EditForm.tsx,54.90,87.50,69.31,14,1210,374,9
packages/host/src/components/AccountEnquiry/AllAccount/AccountDetails/TransactionHistoryAndScheduledTransactionTab/DebitCreditSection.tsx,58.82,81.25,69.13,15,74,54,9
packages/host/src/components/CompanyProfile/ReviewServiceFlow.tsx,50.98,93.75,69.13,13,444,147,8
packages/host/src/components/NavBar/NotificationInbox/NotificationList.tsx,62.75,75.00,68.60,16,1765,1154,9
packages/host/src/components/UserManagement/UserDetail/UserDetailComponent.tsx,47.06,100.00,68.60,12,83,86,7
packages/host/src/components/TOTPDialog/SMBCMFAModal.tsx,66.67,68.75,67.70,17,418,141,11
packages/host/src/components/Announcement/AnnouncementSideModal.tsx,78.43,56.25,66.42,20,1101,512,8
packages/host/src/components/SMBCDropdown/SMBCDropdownSelect.tsx,47.06,93.75,66.42,12,451,84,9
packages/host/src/features/dashboard.ts,58.82,75.00,66.42,15,607,191,8
packages/host/src/pages/Dashboard/EditWidgetSettings.tsx,70.59,62.50,66.42,18,1658,509,8
packages/host/src/components/Footer/Footer.tsx,100.00,43.75,66.14,26,520,281,11
packages/host/src/components/AccountEnquiry/AllAccount/AllAccountTab.test.tsx,86.27,50.00,65.68,22,1971,1081,14
packages/host/src/components/Chart/CashFlowOverviewChart.tsx,43.14,100.00,65.68,11,1404,421,8
packages/host/src/components/CreateNewUser/ReviewAndSubmit/Accounts/ReviewRenderAccountRow.tsx,43.14,100.00,65.68,11,387,52,7
packages/host/src/components/Dashboard/Calendar.tsx,43.14,100.00,65.68,11,2872,1535,7
packages/host/src/components/Dashboard/PortfolioSummary.tsx,43.14,100.00,65.68,11,1785,946,7
packages/host/src/components/NavBar/NotificationInbox/NotificationInbox.tsx,43.14,100.00,65.68,11,701,234,8
packages/host/src/components/Reports/ReportDetailLanding/ReportTemplate.tsx,43.14,100.00,65.68,11,3727,787,4
packages/host/src/components/Reports/ReportTemplates/ReportTemplates.tsx,43.14,100.00,65.68,11,2666,668,6
packages/host/src/pages/Reports/EditReportLanding.tsx,43.14,100.00,65.68,11,2026,463,5
packages/host/src/utils/reportUtils.ts,43.14,100.00,65.68,11,1999,509,5
packages/host/src/utils/userManagement/profileMapping.ts,43.14,100.00,65.68,11,247,97,7
packages/host/src/components/UserManagement/Templates/AddedUsersDetails/TableColumn.tsx,74.51,56.25,64.74,19,725,145,10
packages/host/src/components/UserManagement/Templates/CreateEditTemplate/ReviewForm.test.tsx,66.67,62.50,64.55,17,2667,608,9
packages/host/src/components/Login/ForgotPassword/AuthWithSoftToken.tsx,50.98,81.25,64.36,13,187,125,4
packages/host/src/components/CompanyProfile/EditServiceDetails.tsx,47.06,87.50,64.17,12,452,174,8
packages/host/src/components/CreateNewUser/ReviewAndSubmit/ReviewUserEntitlements.tsx,43.14,93.75,63.59,11,610,108,4
packages/host/src/components/Dashboard/CashFlow.tsx,58.82,68.75,63.59,15,752,294,8
packages/host/src/components/AccountEnquiry/AllAccount/AccountDetails/AccountStatusSection.tsx,39.22,100.00,62.62,10,75,41,6
packages/host/src/components/EntitlementManagement/LoaRule/CreateLoaRuleSimple.tsx,39.22,100.00,62.62,10,708,277,5
packages/host/src/components/EntitlementManagement/LoaRule/FlowDiagram.tsx,39.22,100.00,62.62,10,500,254,8
packages/host/src/components/Footer/InstructionFooter/InstructionFooter.tsx,78.43,50.00,62.62,20,364,146,12
packages/host/src/components/UserManagement/Templates/EntitlementTemplateDetails/AccountTab/index.tsx,39.22,100.00,62.62,10,430,24,8
packages/host/src/components/EntitlementManagement/LoaGroup/CreateLoaGroupInformation.tsx/addUsersModal.test.tsx,50.98,75.00,61.83,13,1136,422,6
packages/host/src/components/EntitlementManagement/LoaGroup/TableColumn.tsx,47.06,81.25,61.83,12,270,75,8
packages/host/src/components/Reports/ScheduledReports/ScheduledReports.test.tsx,50.98,75.00,61.83,13,2899,598,7
packages/host/src/components/UserManagement/Templates/CreateEditTemplate/ServicesExpandedRow.tsx,43.14,87.50,61.44,11,184,35,6
packages/host/src/components/AccountEnquiry/MyAccountGroups/AccountGroupDetailsStep.tsx,100.00,37.50,61.24,40,1015,450,10
packages/host/src/components/SideBar/SideBar.tsx,100.00,37.50,61.24,41,811,258,16
packages/host/src/pages/AdminManagement/EntitlementManagement/Advance/CreateNewLoaRule.test.tsx,100.00,37.50,61.24,27,2597,653,14
packages/host/src/pages/AdminManagement/EntitlementManagement/EntitlementManagementLanding.tsx,100.00,37.50,61.24,27,342,193,11
packages/host/src/components/UserManagement/Templates/EntitlementTemplateDetails/ServicesTab/ServicesTable.tsx,66.67,56.25,61.24,17,1087,440,11
packages/host/src/pages/ActivityLog/ActivityLog.tsx,74.51,50.00,61.04,19,631,366,12
packages/host/src/components/CompanyProfile/EditGeneralSettings.test.tsx,58.82,62.50,60.63,15,920,177,8
packages/host/src/components/EntitlementManagement/LoaRule/LoaRuleLandingTab.test.tsx,98.04,37.50,60.63,25,1559,514,15
packages/host/src/components/CompanyProfile/ReviewEditCompanyContact.tsx,35.29,100.00,59.41,9,272,142,6
packages/host/src/components/Dashboard/ThreeSixtyOverview.tsx,70.59,50.00,59.41,18,867,303,9
packages/host/src/components/EntitlementManagement/LoaRule/EditLoaRuleCondition.test.tsx,70.59,50.00,59.41,18,993,81,9
packages/host/src/components/Reports/EditReport/EditReportDetail.tsx,35.29,100.00,59.41,9,1092,277,4
packages/host/src/components/Login/OTPInput/OTPInput.tsx,50.98,68.75,59.20,13,43,41,8
packages/host/src/components/Reports/ReportHistory/ReportHistoryFilters.tsx,39.22,87.50,58.58,10,1790,305,5
packages/host/src/components/UserManagement/Templates/AddedUsersDetails/TableColumn.test.tsx,54.90,62.50,58.58,14,720,70,8
packages/host/src/pages/Login/FirstTimeSetup/TermsAndConditions.tsx,66.67,50.00,57.74,17,609,456,9
packages/host/src/pages/UserManagement/ViewUserDetailLandingActionButton.tsx,66.67,50.00,57.74,17,562,287,10
packages/host/src/components/Login/PasswordlessForm.tsx,47.06,68.75,56.88,12,234,126,5
packages/host/src/pages/Taskbox/AccountManagementInstructionContent.tsx,43.14,75.00,56.88,11,924,433,9
packages/host/src/components/CreateNewUser/CompanySelection/CompanyItem.tsx,31.37,100.00,56.01,8,187,62,4
packages/host/src/components/CreateNewUser/RenderAccountRow.tsx,31.37,100.00,56.01,8,376,55,5
packages/host/src/components/Reports/ReportDetailLanding/ReportTemplateTab/CriteriaTab.tsx,31.37,100.00,56.01,8,1635,605,4
packages/host/src/components/Reports/RequestNewReport/StepReportTemplate/SelectReportTemplate.tsx,31.37,100.00,56.01,8,1611,414,4
packages/host/src/pages/Dashboard/EditWidgetsTab.tsx,31.37,100.00,56.01,8,1484,142,5
packages/host/src/pages/Reports/ReportTemplateDetails.tsx,31.37,100.00,56.01,8,2801,569,6
packages/host/src/components/AccountEnquiry/MyAccountGroups/AccountGroupDetails/AccountGroupsComponent.test.tsx,100.00,31.25,55.90,28,1388,153,10
packages/host/src/components/EntitlementManagement/LoaRule/LoaRuleDetailContent/LoaMatrixSections.test.tsx,100.00,31.25,55.90,27,2052,300,10
packages/host/src/components/ToDoList/PendingAction.test.tsx,100.00,31.25,55.90,27,5896,1427,13
packages/host/src/components/UserManagement/Templates/AddedUsersDetails/AddedUserTab.test.tsx,100.00,31.25,55.90,29,3581,717,14
packages/host/src/hooks/useInstructionActions.ts,100.00,31.25,55.90,30,1636,717,12
packages/host/src/pages/UserManagement/CreateNewTemplate.tsx,100.00,31.25,55.90,35,496,164,10
packages/host/src/components/AccountManagement/AccountDetails/AccountDetailsList/TableColumn.tsx,54.90,56.25,55.57,14,414,139,8
packages/host/src/components/InstructionModal/TCAdminInstructionModal.tsx,35.29,87.50,55.57,9,294,85,6
packages/host/src/components/Login/HardTokenForm.tsx,70.59,43.75,55.57,18,217,72,8
packages/host/src/pages/Dashboard/EditShortcutsTab.tsx,35.29,87.50,55.57,9,952,42,6
packages/host/src/pages/UserProfile/EditNotification.tsx,35.29,87.50,55.57,9,285,48,6
packages/host/src/components/Dashboard/TaskSummary.tsx,43.14,68.75,54.46,11,226,58,7
packages/host/src/components/UserManagement/Templates/EntitlementTemplateDetails/AccountTab/AccountsTable.tsx,47.06,62.50,54.23,12,912,274,9
packages/host/src/pages/AdminManagement/CompanyManagement/CompanyManagementLanding.test.tsx,47.06,62.50,54.23,12,708,223,10
packages/host/src/pages/UserProfile/UserProfile.tsx,58.82,50.00,54.23,15,333,251,9
packages/host/src/components/Login/ForgotPassword/SetNewPassword.tsx,66.67,43.75,54.01,17,147,186,9
packages/host/src/components/AccountEnquiry/AllAccount/AccountDetails/TransactionHistoryAndScheduledTransactionTab/OtherInformationSection.tsx,35.29,81.25,53.55,9,106,49,9
packages/host/src/utils/sseClient.ts,35.29,81.25,53.55,9,485,105,6
packages/host/src/components/CreateNewUser/SetEntitlementsForm.test.tsx,50.98,56.25,53.55,13,1639,104,6
packages/host/src/components/AccountEnquiry/MyAccountGroups/MyAccountGroupsTabs.test.tsx,74.51,37.50,52.86,19,2267,1560,12
packages/host/src/components/Workflow/AdminTab.tsx,74.51,37.50,52.86,19,385,215,11
packages/host/src/utils/axiosInstance.test.ts,74.51,37.50,52.86,19,1551,352,10
packages/host/src/components/CompanyProfile/ReviewGeneralSettings.tsx,27.45,100.00,52.39,7,119,43,4
packages/host/src/components/Dashboard/InformationCenter.tsx,27.45,100.00,52.39,7,1731,438,4
packages/host/src/components/Reports/RequestNewReport/StepReportDetail/ReportCriteria/ReportCriteriaSection.tsx,27.45,100.00,52.39,7,1982,707,4
packages/host/src/components/ExitModal/ExitModal.tsx,62.75,43.75,52.39,16,172,96,7
packages/host/src/components/Reports/EditReport/EditReportReview.tsx,31.37,87.50,52.39,8,3257,795,4
packages/host/src/pages/Login/FirstTimeSetup/CreatePassword.tsx,62.75,43.75,52.39,16,100,142,9
packages/host/src/components/SMBCAlert/SMBCAlert.tsx,39.22,68.75,51.92,10,213,93,7
packages/host/src/components/EntitlementManagement/LoaGroup/DeleteLoaApprovalGroup/DeleteApprovalGroup.tsx,35.29,75.00,51.45,9,305,36,6
packages/host/src/components/Login/ForgotPIN/ResetPIN.tsx,35.29,75.00,51.45,9,903,13,4
packages/host/src/components/UserManagement/UpdatePassword/SetNewPasswordStep.tsx,35.29,75.00,51.45,9,199,29,6
packages/host/src/pages/Taskbox/Taskbox.tsx,70.59,37.50,51.45,18,256,193,8
packages/host/src/components/AccountEnquiry/AllAccount/AccountDetails/TransactionHistoryAndScheduledTransactionTab/PaymentAccountSection.tsx,47.06,56.25,51.45,12,80,25,10
packages/host/src/components/ActivityLog/CompanyActivityLog.test.tsx,58.82,43.75,50.73,15,3693,2490,9
packages/host/src/components/UserManagement/Templates/CreateEditTemplate/AddAccountForm.test.tsx,58.82,43.75,50.73,15,1359,721,7
packages/host/src/components/ActivityLog/ActivityLogTab.tsx,31.37,81.25,50.49,8,1252,80,7
packages/host/src/components/CreateNewUser/ReviewAndSubmit/ReviewUserDetails.tsx,50.98,50.00,50.49,13,355,92,7
packages/host/src/components/InstructionModal/TCFinancialInstructionModal.tsx,31.37,81.25,50.49,8,824,620,5
packages/host/src/features/authSlice.ts,100.00,25.00,50.00,43,1603,765,14
packages/host/src/hooks/useEntitlement.ts,100.00,25.00,50.00,67,3213,681,20
packages/host/src/pages/Login/FirstTimeSetup/FirstTimeSetup.test.tsx,100.00,25.00,50.00,27,7793,6551,9
packages/host/src/pages/AdminManagement/ApprovalMatrixManagement/ApprovalGroup/ApprovalGroupLanding.test.tsx,78.43,31.25,49.51,20,1904,419,11
packages/host/src/components/Reports/ReportHistory/ReportHistory.test.tsx,35.29,68.75,49.26,9,3169,648,5
packages/host/src/components/ActivityLog/MyActivityLog.test.tsx,54.90,43.75,49.01,14,3733,2534,8
packages/host/src/components/Grid/InfoGrid.tsx,54.90,43.75,49.01,14,263,37,8
packages/host/src/components/CompanyProfile/EditServiceConfigurations.test.tsx,62.75,37.50,48.51,16,1019,338,9
packages/host/src/components/Login/ForgotPIN/ForgotPIN.tsx,31.37,75.00,48.51,8,648,32,3
packages/host/src/utils/userManagement/limitValidationRules.ts,31.37,75.00,48.51,8,321,46,5
packages/host/src/components/CreateNewUser/AddUserReviewForm.tsx,23.53,100.00,48.51,6,293,61,4
packages/host/src/components/EAdvice/EAdviceTable.tsx,23.53,100.00,48.51,6,1733,463,5
packages/host/src/components/EntitlementManagement/LoaRule/LoaRuleDetailContent/LoaRuleDetailContent.test.tsx,94.12,25.00,48.51,24,883,602,12
packages/host/src/components/EntitlementManagement/LoaRule/LoaRuleDetailContent/LoaRuleDetailContent.tsx,47.06,50.00,48.51,12,533,374,7
packages/host/src/components/Login/TermsAndConditionsModal.tsx,47.06,50.00,48.51,12,643,265,7
packages/host/src/components/Reports/ReportDetailLanding/summaryGroups.tsx,23.53,100.00,48.51,6,650,130,4
packages/host/src/components/Reports/ReportTemplates/ReportCriteriaTab.tsx,23.53,100.00,48.51,6,1560,312,4
packages/host/src/components/Reports/RequestNewReport/StepReportDetail/ReportContent/ReportContentSection.tsx,23.53,100.00,48.51,6,1391,478,4
packages/host/src/components/SMBCModal/SMBCModal.tsx,47.06,50.00,48.51,12,128,17,8
packages/host/src/utils/hooksUtils.ts,47.06,50.00,48.51,12,120,28,8
packages/host/src/utils/userProfileMapper.ts,23.53,100.00,48.51,6,324,62,3
packages/host/src/pages/UserManagement/UserManagementLanding.tsx,74.51,31.25,48.25,19,209,82,10
packages/host/src/components/Tag/StatusUtils.tsx,90.20,25.00,47.49,23,243,53,13
packages/host/src/features/gatewaySlice.ts,90.20,25.00,47.49,23,277,75,8
packages/host/src/hooks/useReport.ts,90.20,25.00,47.49,23,7253,1654,6
packages/host/src/pages/AdminManagement/EntitlementManagement/Simple/CreateNewLoaRuleSimple.test.tsx,90.20,25.00,47.49,23,1587,229,15
packages/host/src/components/Reports/RequestNewReport/StepReportReview/ReportReview.tsx,27.45,81.25,47.23,7,3075,645,4
packages/host/src/features/widgetSlice.ts,50.98,43.75,47.23,13,277,24,8
packages/host/src/components/CreateNewUser/ReviewAndSubmit/ReviewAndSubmitLanding.tsx,39.22,56.25,46.97,10,132,35,5
packages/host/src/components/UserManagement/Templates/CreateEditTemplate/AddAccountLimitModal.tsx,39.22,56.25,46.97,10,366,142,8
packages/host/src/pages/AccountEnquiry/AccountEnquiryLanding.tsx,39.22,56.25,46.97,10,52,20,7
packages/host/src/components/LanguageDropdown/TermsAndConditionsLanguageDropdown.tsx,31.37,68.75,46.44,8,446,172,6
packages/host/src/components/Login/OTPContent.test.tsx,86.27,25.00,46.44,22,1005,186,9
packages/host/src/pages/Login/FirstTimeSetup/SetPIN.tsx,31.37,68.75,46.44,8,858,24,4
packages/host/src/pages/Notification/Notification.tsx,43.14,50.00,46.44,11,887,325,8
packages/host/src/pages/AdminManagement/ApprovalMatrixManagement/ApprovalGroup/ApprovalGroupDetailsComponent.test.tsx,66.67,31.25,45.64,17,1033,80,11
packages/host/src/components/AccountEnquiry/AllAccount/AccountDetails/TransactionHistoryAndScheduledTransactionTab/RelatedTransactionSection.tsx,27.45,75.00,45.37,7,179,52,5
packages/host/src/components/Reports/ScheduledReports/ScheduledReportFilters.tsx,23.53,87.50,45.37,6,1515,303,4
packages/host/src/components/SMBCSideModal/SMBCSideModal.tsx,54.90,37.50,45.37,14,218,33,10
packages/host/src/components/ToDoList/TCAdminTodo.tsx,54.90,37.50,45.37,14,277,120,9
packages/host/src/pages/AdminManagement/ApprovalMatrixManagement/ApprovalGroup/TableColumn.tsx,54.90,37.50,45.37,14,95,53,10
packages/host/src/pages/UserManagement/TemplateMapUtils.tsx,27.45,75.00,45.37,7,82,40,5
packages/host/src/components/Dashboard/Widgets/WidgetFilter/WidgetFilter.tsx,35.29,56.25,44.56,9,666,230,5
packages/host/src/components/Reports/ReportTemplates/ReportTemplates.test.tsx,35.29,56.25,44.56,9,3536,714,6
packages/host/src/components/EntitlementManagement/LoaRule/ListServicesSelected.tsx,31.37,62.50,44.28,8,99,56,4
packages/host/src/components/Filters/EAdviceFilters.tsx,19.61,100.00,44.28,5,1024,256,4
packages/host/src/components/NavBar/PINReset/VerifyCurrentPIN.tsx,19.61,100.00,44.28,5,260,45,2
packages/host/src/components/Reports/ReportDetailLanding/ReportTemplateTab/RecipientsTab.tsx,31.37,62.50,44.28,8,871,457,4
packages/host/src/components/Reports/ReportHistory/TableColumn.tsx,31.37,62.50,44.28,8,1352,228,5
packages/host/src/components/Taskbox/InstructionDetail/DiscardRecurringModal.tsx,19.61,100.00,44.28,5,788,197,4
packages/host/src/components/AccountManagement/AccountDetails/EditAccountDetails/EditAccountDetailsStepOne.test.tsx,50.98,37.50,43.72,13,1787,157,7
packages/host/src/components/ActivityLog/TableColumn.tsx,43.14,43.75,43.44,11,610,212,9
packages/host/src/components/CompanyProfile/VerifyCurrentPassword.tsx,43.14,43.75,43.44,11,126,39,7
packages/host/src/components/CreateNewUser/CompanySelection/CompanyCard.test.tsx,43.14,43.75,43.44,11,1774,521,7
packages/host/src/components/Reports/RequestNewReport/StepReportReview/ReportSubmitConfirmation.tsx,27.45,68.75,43.44,7,487,103,4
packages/host/src/features/bulkTransferSlice.ts,27.45,68.75,43.44,7,472,6,2
packages/host/src/features/instructionsSlice.ts,100.00,18.75,43.30,28,1305,394,13
packages/host/src/hooks/useProfile.ts,100.00,18.75,43.30,50,2237,655,14
packages/host/src/pages/AccountManagement/AccountDetailsViewLanding.test.tsx,100.00,18.75,43.30,27,1302,231,12
packages/host/src/pages/AdminManagement/ApprovalMatrixManagement/CreateLoaApprovalGroup/CreateNewLoaGroup.test.tsx,100.00,18.75,43.30,27,2268,971,14
packages/host/src/pages/Login/LoginSMBC.test.tsx,100.00,18.75,43.30,27,2401,843,13
packages/host/src/components/Filters/InformationFilters.tsx,19.61,93.75,42.87,5,1092,273,4
packages/host/src/hooks/useInstructions.ts,98.04,18.75,42.87,25,1242,365,12
packages/host/src/components/CreateNewUser/AccountSelectionModal.tsx,47.06,37.50,42.01,12,263,46,7
packages/host/src/components/CreateNewUser/ServiceSelectionModal.tsx,47.06,37.50,42.01,12,342,56,7
packages/host/src/components/Dashboard/CashFlow.test.tsx,70.59,25.00,42.01,18,2892,1277,11
packages/host/src/components/EntitlementManagement/LoaRule/VisualiseResult.test.tsx,47.06,37.50,42.01,12,386,64,8
packages/host/src/components/GenericModal/GenericModalProvider.tsx,70.59,25.00,42.01,18,182,52,9
packages/host/src/components/Reports/ReportDetailLanding/ReportTemplateTab/deliveryCells.ts,23.53,75.00,42.01,6,965,193,4
packages/host/src/components/Reports/RequestNewReport/StepReportPreviewShare/ReportPreviewShare.tsx,31.37,56.25,42.01,8,1710,434,4
packages/host/src/pages/AccountEnquiry/AccountGroup/AccountGroupsLanding.tsx,35.29,50.00,42.01,9,111,44,4
packages/host/src/pages/AdminManagement/EntitlementManagement/CloneEditDeleteMatrix/DeleteMatrix.tsx,70.59,25.00,42.01,18,427,209,10
packages/host/src/components/AccountEnquiry/AllAccount/TableColumn.tsx,54.90,31.25,41.42,14,173,209,9
packages/host/src/components/Dashboard/Information.tsx,39.22,43.75,41.42,10,1105,764,7
packages/host/src/components/UserManagement/CompanyDetail/UserEntitlementsTable.test.tsx,39.22,43.75,41.42,10,1138,725,7
packages/host/src/components/UserManagement/Templates/CreateEditTemplate/InformationAndServicesForm.test.tsx,54.90,31.25,41.42,14,1286,561,6
packages/host/src/components/UserManagement/Templates/EntitlementTemplateDetails/LimitsTab/index.tsx,54.90,31.25,41.42,14,707,176,8
packages/host/src/hooks/useContent.ts,90.20,18.75,41.12,23,775,217,10
packages/host/src/components/AccountEnquiry/AllAccount/AccountDetails/TransactionHistoryAndScheduledTransactionTab/TableColumn/TableColumnForTransactionAndSchedule/TableColumn.tsx,66.67,25.00,40.82,17,214,169,9
packages/host/src/components/UserManagement/UserDetail/UserDetailManagementComponent.test.tsx,66.67,25.00,40.82,17,1113,70,9
packages/host/src/components/Container/Container.tsx,43.14,37.50,40.22,11,131,55,8
packages/host/src/components/Login/ForgotPassword/AuthWithMFA.test.tsx,43.14,37.50,40.22,11,1524,322,5
packages/host/src/components/Login/QRContent.tsx,43.14,37.50,40.22,11,164,23,7
packages/host/src/components/Reports/RequestNewReport/StepReportReview/ReportSubmitTabs.tsx,23.53,68.75,40.22,6,2135,427,4
packages/host/src/components/TOTPDialog/MFAModalContent.tsx,43.14,37.50,40.22,11,234,72,9
packages/host/src/components/ToDoList/InstructionMenus.tsx,43.14,37.50,40.22,11,295,164,9
packages/host/src/pages/AdminManagement/ApprovalMatrixManagement/ApprovalGroup/ApprovalGroupHeader.test.tsx,43.14,37.50,40.22,11,605,392,9
packages/host/src/utils/commonUtils.ts,86.27,18.75,40.22,22,320,45,11
packages/host/src/components/Dashboard/Widgets/BalanceByAccountChart.test.tsx,50.98,31.25,39.91,13,2110,230,7
packages/host/src/components/NavBar/PINReset/PINResetModal.tsx,15.69,100.00,39.61,4,608,4,2
packages/host/src/components/NavBar/PasswordReset/PasswordResetModal.tsx,15.69,100.00,39.61,4,581,29,2
packages/host/src/components/NavBar/PasswordReset/VerifyCurrentPassword.tsx,15.69,100.00,39.61,4,296,46,2
packages/host/src/components/Reports/RequestNewReport/StepReportDetail/ReportCriteria/ConditionsListing.tsx,15.69,100.00,39.61,4,756,252,3
packages/host/src/components/Reports/RequestNewReport/StepReportDetail/ReportCriteria/MonthRangePicker.tsx,15.69,100.00,39.61,4,984,328,3
packages/host/src/components/Reports/RequestNewReport/StepReportDetail/ReportCriteria/ScheduledDeliveryFields.tsx,15.69,100.00,39.61,4,1221,407,3
packages/host/src/components/ToDoList/TCTodo.test.tsx,62.75,25.00,39.61,16,1423,455,10
packages/host/src/pages/Reports/ReportTemplateDetails.test.tsx,31.37,50.00,39.61,8,3566,722,6
packages/host/src/components/AccountEnquiry/MyAccountGroups/DeleteModal.test.tsx,35.29,43.75,39.30,9,284,97,4
packages/host/src/components/CreateNewUser/ReviewAndSubmit/Accounts/ReviewUserAccounts.tsx,35.29,43.75,39.30,9,126,24,4
packages/host/src/components/SMBCModal/SMBCActionModal.tsx,35.29,43.75,39.30,9,107,24,7
packages/host/src/components/UserManagement/CompanyDetail/AccountTab.tsx,35.29,43.75,39.30,9,131,69,6
packages/host/src/features/activationSlice.ts,35.29,43.75,39.30,9,400,128,5
packages/host/src/App.tsx,78.43,18.75,38.35,20,242,93,10
packages/host/src/components/AccountManagement/AccountDetails/AccountDetailsList/AccountList.test.tsx,58.82,25.00,38.35,15,1219,626,8
packages/host/src/components/EntitlementManagement/LoaGroup/LoaGroupLandingTab.test.tsx,58.82,25.00,38.35,15,891,499,8
packages/host/src/components/Login/OTPForm.test.tsx,58.82,25.00,38.35,15,823,299,9
packages/host/src/pages/UserManagement/CreateNewTemplate.test.tsx,58.82,25.00,38.35,15,475,37,7
packages/host/src/components/AccountEnquiry/AllAccount/AccountDetails/TransactionHistoryAndScheduledTransactionTab/PayeeInformationSection.tsx,47.06,31.25,38.35,12,64,30,10
packages/host/src/components/AccountEnquiry/MyAccountGroups/AccountGroupReviewStep.test.tsx,23.53,62.50,38.35,6,758,34,4
packages/host/src/components/EAdvice/EAdviceTable.test.tsx,23.53,62.50,38.35,6,2007,508,5
packages/host/src/utils/accountEnquiry/accountEnquiryUtils.ts,23.53,62.50,38.35,6,48,20,5
packages/host/src/components/NavBar/IconButton.tsx,27.45,50.00,37.05,7,150,37,6
packages/host/src/components/Reports/EditReport/EditReportPreviewShare.tsx,27.45,50.00,37.05,7,187,64,4
packages/host/src/components/UserManagement/CompanyDetail/LimitsTab.tsx,43.14,31.25,36.72,11,500,235,8
packages/host/src/components/CompanyProfile/EditCompanyContact.test.tsx,35.29,37.50,36.38,9,663,131,6
packages/host/src/components/UserManagement/Templates/CreateEditTemplate/EditSubServicePermissionModal.tsx,35.29,37.50,36.38,9,291,86,8
packages/host/src/hooks/useRouteChangeGuard.ts,35.29,37.50,36.38,9,211,25,5
packages/host/src/components/Reports/ReportTemplates/ReportCriteriaTab.test.tsx,23.53,56.25,36.38,6,1965,393,4
packages/host/src/components/UserManagement/UserDetail/UserPrimaryCompanyTab.test.tsx,50.98,25.00,35.70,13,666,341,9
packages/host/src/hooks/useQuickActions.ts,15.69,81.25,35.70,4,194,6,2
packages/host/src/components/Login/LoginForm.test.tsx,100.00,12.50,35.36,34,2942,843,13
packages/host/src/hooks/useAccount.ts,100.00,12.50,35.36,44,2225,980,13
packages/host/src/pages/Taskbox/InstructionDetail.test.tsx,100.00,12.50,35.36,36,1843,704,14
packages/host/src/pages/UserManagement/CreateNewUser.test.tsx,100.00,12.50,35.36,34,5632,1568,9
packages/host/src/pages/UserManagement/CreateNewUser.tsx,100.00,12.50,35.36,91,5891,3222,15
packages/host/src/pages/UserManagement/EditUser.test.tsx,100.00,12.50,35.36,32,3686,1460,11
packages/host/src/components/EntitlementManagement/LoaRule/SetupLoaRule.test.tsx,66.67,18.75,35.36,17,817,122,11
packages/host/src/components/AdminManagement/ApprovalMatrixManagement/CreateLoaApprovalGroup/ApprovalGroupInformation.test.tsx,39.22,31.25,35.01,10,654,5,7
packages/host/src/components/EntitlementManagement/LoaRule/CreateLoaRuleSimple.test.tsx,39.22,31.25,35.01,10,307,56,8
packages/host/src/components/Taskbox/InstructionDetail/VisualiseApprovalMatrixModal.tsx,19.61,62.50,35.01,5,324,81,4
packages/host/src/components/UserProfile/EditNotification/ReviewForm.tsx,19.61,62.50,35.01,5,391,199,5
packages/host/src/components/Breadcrumb/Breadcrumb.tsx,27.45,43.75,34.66,7,113,19,7
packages/host/src/components/CreateNewUser/ReviewAndSubmit/ReviewUserEntitlements.test.tsx,27.45,43.75,34.66,7,314,25,3
packages/host/src/components/Dashboard/InformationCenter.test.tsx,27.45,43.75,34.66,7,2118,531,4
packages/host/src/components/Login/ForgotPIN/SetNewPIN.tsx,27.45,43.75,34.66,7,765,5,4
packages/host/src/components/UserProfile/ProfileLanguageModal.tsx,27.45,43.75,34.66,7,215,113,6
packages/host/src/hooks/useMultipleLogin.ts,27.45,43.75,34.66,7,344,52,3
packages/host/src/utils/CryptoUtils.ts,27.45,43.75,34.66,7,239,3,4
packages/host/src/components/EntitlementManagement/LoaRule/VisualiseResult.tsx,47.06,25.00,34.30,12,84,79,7
packages/host/src/components/Filters/AddedUserFilter.test.tsx,47.06,25.00,34.30,12,699,39,8
packages/host/src/components/Reports/ReportDetailLanding/ReportTemplateTab/FieldsTab.tsx,31.37,37.50,34.30,8,899,461,4
packages/host/src/components/ReviewAndComfirmMyTask/Transaction.tsx,11.76,100.00,34.30,3,87,4,2
packages/host/src/components/ToDoList/InstructionOverdueFilter.ts,11.76,100.00,34.30,3,109,17,2
packages/host/src/components/WorkflowManagement/RegisteredServicesAccordion/RegisteredServices.test.tsx,47.06,25.00,34.30,12,650,122,9
packages/host/src/utils/formatAmount.ts,47.06,25.00,34.30,12,124,26,7
packages/host/src/utils/userManagement/textMapper.ts,23.53,50.00,34.30,6,107,12,4
packages/host/src/components/AccountManagement/AccountDetails/EditAccountDetails/EditAccountDetailsLanding.test.tsx,35.29,31.25,33.21,9,538,29,6
packages/host/src/components/NavBar/PasswordReset/MFAModal.tsx,19.61,56.25,33.21,5,294,7,3
packages/host/src/hooks/useBeforeUnload.ts,35.29,31.25,33.21,9,260,119,2
packages/host/src/pages/Dashboard/EditShortcutsTab.drag.test.tsx,35.29,31.25,33.21,9,740,252,7
packages/host/src/components/EntitlementManagement/LoaRule/SequenceContainer.test.tsx,43.14,25.00,32.84,11,588,135,8
packages/host/src/components/Login/ResendPassword.tsx,43.14,25.00,32.84,11,508,310,8
packages/host/src/components/SMBCCompanySelector/SMBCCompanySelector.tsx,43.14,25.00,32.84,11,156,96,8
packages/host/src/components/Slider/AnnouncementSlider.tsx,43.14,25.00,32.84,11,349,231,6
packages/host/src/features/authSlice.test.ts,86.27,12.50,32.84,22,2140,227,7
packages/host/src/pages/AdminManagement/EntitlementManagement/Advance/UpdateLoaRule.test.tsx,86.27,12.50,32.84,22,2740,400,12
packages/host/src/pages/Login/FirstTimeSetup/SoftTokenSetup.tsx,15.69,68.75,32.84,4,59,69,2
packages/host/src/components/Announcement/AnnouncementModal.tsx,54.90,18.75,32.08,14,734,294,6
packages/host/src/components/CompanyProfile/CompanyDetailsComponent.test.tsx,54.90,18.75,32.08,14,753,211,11
packages/host/src/components/CompanyProfile/EditServiceDetails.test.tsx,27.45,37.50,32.08,7,352,21,7
packages/host/src/components/Dashboard/ThreeSixtyOverview.test.tsx,27.45,37.50,32.08,7,1435,338,4
packages/host/src/components/Login/ForgotPassword/SetNewPassword.test.tsx,27.45,37.50,32.08,7,320,140,6
packages/host/src/components/Reports/RequestNewReport/StepReportPreviewShare/PreviewSidePanel.tsx,27.45,37.50,32.08,7,841,174,4
packages/host/src/components/SMBCDrawer/SMBCDrawer.tsx,27.45,37.50,32.08,7,111,18,5
packages/host/src/features/activityLogSlice.ts,27.45,37.50,32.08,7,719,348,6
packages/host/src/pages/AccountEnquiry/AccountGroup/NewEditAccountGroups.test.tsx,54.90,18.75,32.08,14,931,68,7
packages/host/src/pages/Login/FirstTimeSetup/HardTokenSetup.tsx,27.45,37.50,32.08,7,78,84,4
packages/host/src/components/CreateNewUser/ReviewAndSubmit/Accounts/ReviewServicesExpandedRow.tsx,23.53,43.75,32.08,6,130,22,5
packages/host/src/components/Dashboard/Information.test.tsx,23.53,43.75,32.08,6,1368,342,4
packages/host/src/components/Dashboard/InformationDetailSideModal.tsx,23.53,43.75,32.08,6,581,149,4
packages/host/src/components/Dashboard/BalanceByAccountStacked.tsx,19.61,50.00,31.31,5,128,4,4
packages/host/src/components/Dashboard/Widgets/BalanceByAccountTable.tsx,39.22,25.00,31.31,10,250,89,6
packages/host/src/components/EntitlementManagement/LoaRule/ModalServices.test.tsx,19.61,50.00,31.31,5,255,15,4
packages/host/src/components/FieldDiff/FieldDiff.tsx,39.22,25.00,31.31,10,60,21,8
packages/host/src/components/NavBar/PasswordReset/SetNewPasswordStep.tsx,15.69,62.50,31.31,4,260,16,2
packages/host/src/components/Reports/ReportDetailLanding/ReportTemplateTab/CriteriaTab.test.tsx,31.37,31.25,31.31,8,1640,568,4
packages/host/src/components/Reports/RequestNewReport/StepReportTemplate/CustomReportTemplateFilter.test.tsx,19.61,50.00,31.31,5,1196,299,3
packages/host/src/components/UserProfile/LanguageRow.tsx,19.61,50.00,31.31,5,107,32,4
packages/host/src/pages/AccountManagement/AccountManagementLanding.tsx,31.37,31.25,31.31,8,168,37,3
packages/host/src/pages/Dashboard/EditWidgetSettings.test.tsx,31.37,31.25,31.31,8,1724,983,5
packages/host/src/pages/Login/FirstTimeSetup/const.ts,31.37,31.25,31.31,8,180,99,4
packages/host/src/pages/Reports/ReportHistoryDetailLanding.tsx,31.37,31.25,31.31,8,486,147,4
packages/host/src/pages/Reports/Reports.tsx,31.37,31.25,31.31,8,791,133,6
packages/host/src/pages/Reports/SheduledReportDetailLanding.tsx,31.37,31.25,31.31,8,480,145,4
packages/host/src/components/Dashboard/Widgets/MapCashFlow.ts,11.76,81.25,30.92,3,103,4,3
packages/host/src/components/Login/SoftTokenForm.test.tsx,50.98,18.75,30.92,13,1265,337,8
packages/host/src/pages/AdminManagement/CompanyManagement/ServiceLimit.test.tsx,74.51,12.50,30.52,19,1082,241,11
packages/host/src/components/Workflow/FinancialTab.tsx,35.29,25.00,29.70,9,70,22,9
packages/host/src/pages/UserManagement/UploadSupportDocument.test.tsx,35.29,25.00,29.70,9,551,69,5
packages/host/src/components/CreateNewUser/AddAccountForm.test.tsx,23.53,37.50,29.70,6,556,52,2
packages/host/src/components/Dashboard/BalanceTransitionAccount/helper.ts,23.53,37.50,29.70,6,120,18,4
packages/host/src/components/EntitlementManagement/LoaRule/CompanySelectorModal.tsx,23.53,37.50,29.70,6,176,107,4
packages/host/src/components/EntitlementManagement/LoaRule/ModalAccounts.tsx,11.76,75.00,29.70,3,20,7,3
packages/host/src/components/Reports/RequestNewReport/StepReportTemplate/CustomReportTemplateFilter.tsx,23.53,37.50,29.70,6,710,179,4
packages/host/src/components/Taskbox/TaskboxSummary.tsx,47.06,18.75,29.70,12,358,90,7
packages/host/src/components/UserManagement/Templates/AddDomainUsers/TableColumn.tsx,23.53,37.50,29.70,6,229,40,5
packages/host/src/components/UserManagement/Templates/CreateEditTemplate/SetLimitsForm.test.tsx,47.06,18.75,29.70,12,496,115,7
packages/host/src/components/Workflow/CustomToggleSwitch.tsx,15.69,56.25,29.70,4,88,10,3
packages/host/src/utils/sseClient.test.ts,23.53,37.50,29.70,6,1022,128,5
packages/host/src/components/CompanyProfile/EditGeneralSettingsForm.tsx,27.45,31.25,29.29,7,157,31,5
packages/host/src/components/Filters/InformationFilters.test.tsx,19.61,43.75,29.29,5,1756,439,4
packages/host/src/components/Reports/ReportHistory/ReportHistorySaveAsTemplateModal.tsx,27.45,31.25,29.29,7,726,121,5
packages/host/src/components/Reports/RequestNewReport/StepReportDetail/ReportCriteria/AccountInformation.tsx,19.61,43.75,29.29,5,928,312,4
packages/host/src/components/WorkflowManagement/RegisteredServicesAccordion/BuildRegisteredRows.ts,19.61,43.75,29.29,5,76,5,4
packages/host/src/pages/AdminManagement/CompanyManagement/CompanyDetails.test.tsx,27.45,31.25,29.29,7,246,57,5
packages/host/src/pages/Taskbox/AccountManagementInstructionContent.test.tsx,27.45,31.25,29.29,7,612,21,5
packages/host/src/utils/maskingRules.ts,19.61,43.75,29.29,5,101,12,5
packages/host/src/components/CreateNewUser/AddBasicDetailsForm.test.tsx,66.67,12.50,28.87,17,1539,523,9
packages/host/src/components/EntitlementManagement/LoaRule/TableColumn.test.tsx,66.67,12.50,28.87,17,859,238,10
packages/host/src/pages/AdminManagement/EntitlementManagement/Simple/EditLoaRuleSimple.test.tsx,66.67,12.50,28.87,17,1539,367,10
packages/host/src/components/EntitlementManagement/LoaRule/ListServicesSelected.test.tsx,43.14,18.75,28.44,11,714,21,7
packages/host/src/components/Form/SMBCTextForm/SMBCTextForm.tsx,43.14,18.75,28.44,11,216,51,7
packages/host/src/components/Form/SMBCTextForm/SMBCTextForm.test.tsx,15.69,50.00,28.01,4,966,24,2
packages/host/src/components/InstructionFilter/InstructionFilterTab.tsx,31.37,25.00,28.01,8,359,251,7
packages/host/src/components/ReviewAndComfirmMyTask/TransactionTaskSummary.tsx,7.84,100.00,28.01,2,79,1,2
packages/host/src/utils/mapApiToForm.ts,15.69,50.00,28.01,4,35,3,3
packages/host/src/components/AccountEnquiry/AllAccount/AccountDetails/TransactionHistoryAndScheduledTransactionTab/AccountDetailsComponent.test.tsx,39.22,18.75,27.12,10,1384,65,6
packages/host/src/components/AccountEnquiry/MyAccountGroups/DeleteModal.tsx,39.22,18.75,27.12,10,144,33,6
packages/host/src/components/CompanyProfile/contactDiff.ts,11.76,62.50,27.12,3,240,2,3
packages/host/src/components/CreateNewUser/ReviewAndSubmit/Accounts/ReviewUserAccounts.test.tsx,23.53,31.25,27.12,6,121,4,3
packages/host/src/components/CreateNewUser/ReviewAndSubmit/ReviewUserCompanyDetail.tsx,19.61,37.50,27.12,5,81,5,4
packages/host/src/components/EAdvice/TableColumn.tsx,23.53,31.25,27.12,6,887,233,5
packages/host/src/components/Reports/RequestNewReport/StepReportPreviewShare/ContactsModal.tsx,23.53,31.25,27.12,6,1040,208,4
packages/host/src/components/UserManagement/CompanyDetail/EntitlementAccountCellRenderer.tsx,19.61,37.50,27.12,5,105,10,4
packages/host/src/utils/userManagement/permissionUtils.ts,19.61,37.50,27.12,5,228,0,3
packages/host/src/utils/userManagement/profileInstructionHelpers.ts,19.61,37.50,27.12,5,178,3,4
packages/host/src/components/Dashboard/DashboardWidgetFrame.tsx,27.45,25.00,26.20,7,59,13,6
packages/host/src/components/NavBar/NotificationInbox/NotificationList.test.tsx,27.45,25.00,26.20,7,1187,335,6
packages/host/src/components/Reports/RequestNewReport/StepReportPreviewShare/ReportPreviewShare.test.tsx,27.45,25.00,26.20,7,3547,710,4
packages/host/src/components/Reports/ScheduledReports/TableColumn.tsx,27.45,25.00,26.20,7,978,198,5
packages/host/src/components/SMBCTable/SMBCPagination.tsx,27.45,25.00,26.20,7,233,47,5
packages/host/src/components/Search/SearchBox.tsx,27.45,25.00,26.20,7,188,53,6
packages/host/src/components/Stepper/Stepper.tsx,54.90,12.50,26.20,14,156,88,7
packages/host/src/components/ToDoList/TCAdminTodo.test.tsx,54.90,12.50,26.20,14,2585,1567,7
packages/host/src/components/UserManagement/CompanyDetail/EntitlementTab.tsx,27.45,25.00,26.20,7,74,15,5
packages/host/src/pages/AdminManagement/EntitlementManagement/EntitlementManagementLanding.test.tsx,54.90,12.50,26.20,14,681,242,8
packages/host/src/components/Reports/RequestNewReport/StepReportDetail/ReportCriteria/UserListFields.tsx,15.69,43.75,26.20,4,477,159,3
packages/host/src/components/SidePanel/UserProfileDrawer.tsx,7.84,87.50,26.20,2,146,0,2
packages/host/src/utils/userManagement/userDetailDataTramsform.tsx,15.69,43.75,26.20,4,316,135,3
packages/host/src/components/AccountEnquiry/AllAccount/AccountDetails/TransactionHistoryAndScheduledTransactionTab/TransactionHistoryDetailsPage.tsx,35.29,18.75,25.72,9,102,10,5
packages/host/src/components/CreateNewUser/ReviewAndSubmit/ReviewUserLimit.test.tsx,35.29,18.75,25.72,9,334,42,4
packages/host/src/components/CreateNewUser/SetLimitsForm.test.tsx,35.29,18.75,25.72,9,1341,194,6
packages/host/src/components/Dashboard/TotalBalanceByLocation.tsx,35.29,18.75,25.72,9,375,33,6
packages/host/src/components/Footer/InstructionFooter/useInstructionFooter.ts,35.29,18.75,25.72,9,379,80,7
packages/host/src/components/Help/HelpModal.tsx,35.29,18.75,25.72,9,441,157,5
packages/host/src/components/UserManagement/Templates/TCEntitlementTemplate.test.tsx,35.29,18.75,25.72,9,214,16,7
packages/host/src/pages/AdminManagement/EntitlementManagement/CloneEditDeleteMatrix/CloneMatrix.tsx,35.29,18.75,25.72,9,186,79,4
packages/host/src/pages/AdminManagement/CompanyManagement/EditCompanyDetails.test.tsx,50.98,12.50,25.24,13,870,210,8
packages/host/src/hooks/useAuth.test.ts,100.00,6.25,25.00,30,2639,200,13
packages/host/src/store/store.ts,100.00,6.25,25.00,32,94,10,15
packages/host/src/components/NavBar/NotificationInbox/NotificationTabs.tsx,19.61,31.25,24.75,5,349,119,5
packages/host/src/components/SMBCDatePicker/SMBCDatePicker.tsx,19.61,31.25,24.75,5,364,15,5
packages/host/src/components/SMBCDropdown/SMBCDropdownMultiSectionSelect.tsx,19.61,31.25,24.75,5,291,52,2
packages/host/src/components/SMBCMultiLineInputField/SMBCMultiLineInputField.tsx,19.61,31.25,24.75,5,155,5,5
packages/host/src/components/UserManagement/Templates/EntitlementTemplateDetails/AccountTab/ServiceAccordion.tsx,19.61,31.25,24.75,5,185,3,5
packages/host/src/pages/AdminManagement/ApprovalMatrixManagement/ApprovalGroup/DifferentField.tsx,19.61,31.25,24.75,5,7,7,4
packages/host/src/utils/diff.ts,19.61,31.25,24.75,5,52,25,4
packages/host/src/components/Dashboard/InformationDetailSideModal.test.tsx,31.37,18.75,24.25,8,996,252,4
packages/host/src/components/GenericModal/GenericModal.tsx,15.69,37.50,24.25,4,173,46,3
packages/host/src/components/Reports/RequestNewReport/StepReportDetail/ReportFormat/ReportFormatSection.tsx,15.69,37.50,24.25,4,738,246,3
packages/host/src/components/SMBCPhoneNumberField/SMBCPhoneNumberField.tsx,15.69,37.50,24.25,4,201,15,4
packages/host/src/components/Dashboard/QuickActions/QuickActions.tsx,47.06,12.50,24.25,12,430,574,7
packages/host/src/components/Dashboard/TotalBalanceByLocationStacked.test.tsx,47.06,12.50,24.25,12,935,233,6
packages/host/src/components/Form/SMBCPhoneNumberForm/SMBCPhoneNumberForm.tsx,23.53,25.00,24.25,6,110,6,5
packages/host/src/components/Login/ForgotPassword/AuthWithHardToken.test.tsx,47.06,12.50,24.25,12,1205,221,5
packages/host/src/components/Reports/RequestNewReport/StepReportDetail/ReportContent/ReportContentSection.test.tsx,23.53,25.00,24.25,6,2277,576,4
packages/host/src/components/Reports/RequestNewReport/StepReportDetail/ReportCriteria/AccountInformation.test.tsx,23.53,25.00,24.25,6,2730,684,4
packages/host/src/components/SMBCDatePicker/SMBCMonthYearPicker.tsx,23.53,25.00,24.25,6,159,41,5
packages/host/src/components/SMBCHoverDialog/HoverDialog.tsx,23.53,25.00,24.25,6,152,7,5
packages/host/src/components/UserManagement/CompanyDetail/ServiceAccountsModal.tsx,23.53,25.00,24.25,6,175,6,6
packages/host/src/hooks/useInstructionActions.test.tsx,47.06,12.50,24.25,12,1196,176,8
packages/host/src/hooks/userGateway.ts,47.06,12.50,24.25,12,105,23,7
packages/host/src/pages/Login/FirstTimeSetup/CreatePassword.test.tsx,23.53,25.00,24.25,6,1111,202,5
packages/host/src/utils/deeplink.ts,23.53,25.00,24.25,6,560,112,4
packages/host/src/utils/getPrivileges.ts,23.53,25.00,24.25,6,67,45,5
packages/host/src/components/AccountManagement/AccountDetails/AccountDetailsList/AccountListHeader.test.tsx,43.14,12.50,23.22,11,187,57,8
packages/host/src/components/Chart/LimitUsageRadial.tsx,43.14,12.50,23.22,11,328,111,7
packages/host/src/components/CompanyProfile/ReviewServiceFlow.test.tsx,43.14,12.50,23.22,11,460,59,9
packages/host/src/components/CreateNewUser/RenderLimitRow.tsx,43.14,12.50,23.22,11,279,148,6
packages/host/src/hooks/useWidget.ts,43.14,12.50,23.22,11,192,13,6
packages/host/src/pages/AccountEnquiry/AccountList/TransactionScheduleHistoryLanding.tsx,43.14,12.50,23.22,11,132,24,7
packages/host/src/components/ActiveSessionModal/ActiveSessionModal.tsx,27.45,18.75,22.69,7,123,21,7
packages/host/src/components/EntitlementManagement/LoaGroup/LOAGroups.tsx,11.76,43.75,22.69,3,3,3,1
packages/host/src/components/Login/ResendPackage.tsx,27.45,18.75,22.69,7,184,60,4
packages/host/src/components/Reports/ReportDetailLanding/ReportSummary.tsx,27.45,18.75,22.69,7,269,121,4
packages/host/src/features/domainSlice.ts,27.45,18.75,22.69,7,182,82,3
packages/host/src/hooks/useTemplateForm.test.ts,82.35,6.25,22.69,21,2405,273,12
packages/host/src/pages/Reports/EditReportLanding.test.tsx,27.45,18.75,22.69,7,2667,685,4
packages/host/src/pages/UserManagement/TemplateDetailLanding.test.tsx,82.35,6.25,22.69,21,825,143,10
packages/host/src/components/AccountEnquiry/MyAccountGroups/CloneConfirmationModal.test.tsx,19.61,25.00,22.14,5,267,15,4
packages/host/src/components/CompanyProfile/DocumentProtectionCM.test.tsx,39.22,12.50,22.14,10,429,92,7
packages/host/src/components/CompanyProfile/SetNewPassword.test.tsx,39.22,12.50,22.14,10,341,49,7
packages/host/src/components/Dashboard/QuickActions/QuickActionsWidget.tsx,19.61,25.00,22.14,5,74,29,3
packages/host/src/components/EntitlementManagement/LoaRule/FlowDiagram.test.tsx,15.69,31.25,22.14,4,267,42,4
packages/host/src/components/Login/ConcurrentModal.tsx,39.22,12.50,22.14,10,113,58,4
packages/host/src/components/Login/ForgotPIN/OTPForSoftToken.tsx,15.69,31.25,22.14,4,644,0,1
packages/host/src/components/Login/ForgotPassword/OTPForHardToken.test.tsx,39.22,12.50,22.14,10,368,14,6
packages/host/src/components/Login/ForgotPassword/OTPForMFA.test.tsx,39.22,12.50,22.14,10,187,15,7
packages/host/src/components/NavBar/PINReset/SetNewPINStep.tsx,15.69,31.25,22.14,4,357,3,2
packages/host/src/components/Reports/ReportDetailLanding/ReportTemplate.test.tsx,39.22,12.50,22.14,10,2719,600,4
packages/host/src/components/Reports/RequestNewReport/StepReportDetail/ReportCriteria/AccountsModal.tsx,15.69,31.25,22.14,4,951,317,3
packages/host/src/components/Reports/RequestNewReport/StepReportDetail/ReportCriteria/ActivityLogFields.tsx,15.69,31.25,22.14,4,1152,384,3
packages/host/src/components/Toast/Toast.tsx,39.22,12.50,22.14,10,100,25,8
packages/host/src/components/UserManagement/Templates/EntitlementTemplateDetails/ServicesTab/ServicesTable.test.tsx,39.22,12.50,22.14,10,572,95,7
packages/host/src/hooks/useLookup.ts,78.43,6.25,22.14,20,1583,577,12
packages/host/src/pages/Reports/ReportHistoryDetailLanding.test.tsx,39.22,12.50,22.14,10,730,150,5
packages/host/src/pages/Reports/SheduledReportDetailLanding.test.tsx,39.22,12.50,22.14,10,849,173,5
packages/host/src/utils/userManagement/limitDisplay.ts,19.61,25.00,22.14,5,57,9,5
packages/host/src/components/UserManagement/Templates/EntitlementTemplatesTab.test.tsx,74.51,6.25,21.58,19,819,87,10
packages/host/src/pages/UserManagement/UserDetailLanding.test.tsx,74.51,6.25,21.58,19,945,288,8
packages/host/src/components/AccountEnquiry/MyAccountGroups/MyAccountGroupsTab.test.tsx,11.76,37.50,21.00,3,1057,224,3
packages/host/src/components/CreateNewUser/CompanySelectionForm.test.tsx,23.53,18.75,21.00,6,520,9,3
packages/host/src/components/EAdvice/EAdviceDownloadModal.test.tsx,23.53,18.75,21.00,6,871,288,5
packages/host/src/components/EAdvice/EAdviceDownloadModal.tsx,23.53,18.75,21.00,6,422,123,5
packages/host/src/components/EntitlementManagement/LoaRule/ModalServices.tsx,23.53,18.75,21.00,6,47,25,5
packages/host/src/components/Footer/FormFooter/FormFooter.tsx,23.53,18.75,21.00,6,58,13,6
packages/host/src/components/Login/ForgotPassword/AuthWithSoftToken.test.tsx,35.29,12.50,21.00,9,897,293,3
packages/host/src/components/Reports/EditReport/EditReportPreviewShare.test.tsx,23.53,18.75,21.00,6,554,191,4
packages/host/src/components/SideBar/SideBar.test.tsx,35.29,12.50,21.00,9,963,183,6
packages/host/src/components/TutorialModal/TutorialModal.test.tsx,11.76,37.50,21.00,3,171,0,3
packages/host/src/components/UserManagement/CompanyDetail/ServiceAccordion.tsx,23.53,18.75,21.00,6,281,45,6
packages/host/src/hooks/useLanguagePack.ts,7.84,56.25,21.00,2,90,14,2
packages/host/src/pages/AdminManagement/EntitlementManagement/Advance/loaRuleUtils.ts,11.76,37.50,21.00,3,156,42,3
packages/host/src/pages/Reports/RequestNewReport.test.tsx,23.53,18.75,21.00,6,3353,841,4
packages/host/src/utils/downloadFile.ts,23.53,18.75,21.00,6,102,14,5
packages/host/src/utils/formatDate.ts,35.29,12.50,21.00,9,183,27,7
packages/host/src/components/Login/ForgotPassword/OTPForMFA.tsx,66.67,6.25,20.41,17,45,37,8
packages/host/src/App.test.tsx,62.75,6.25,19.80,16,408,189,10
packages/host/src/components/AccordionContainer/AccordionContainer.tsx,31.37,12.50,19.80,8,77,19,8
packages/host/src/components/AccountEnquiry/MyAccountGroups/AccountGroupDetails/TableColumn.tsx,31.37,12.50,19.80,8,183,62,6
packages/host/src/components/CreateNewUser/AccountSelectionModal.test.tsx,31.37,12.50,19.80,8,388,37,6
packages/host/src/components/CustomerFeedback/CustomerFeedbackModal.tsx,15.69,25.00,19.80,4,411,137,3
packages/host/src/components/Filters/AccountListFilters.test.tsx,15.69,25.00,19.80,4,390,128,4
packages/host/src/components/Form/FileUploadForm/FileUploadForm.tsx,7.84,50.00,19.80,2,213,5,2
packages/host/src/components/Login/OTPInput/OTPInput.test.tsx,31.37,12.50,19.80,8,659,46,4
packages/host/src/components/ProfileCard/ProfileCard.tsx,3.92,100.00,19.80,1,210,0,1
packages/host/src/components/Reports/ReportDetailLanding/ReportTemplateTab/DeliveryTab.tsx,31.37,12.50,19.80,8,694,424,4
packages/host/src/components/Reports/RequestNewReport/StepReportDetail/ReportCriteria/AccountGroupInformation.tsx,15.69,25.00,19.80,4,327,109,3
packages/host/src/components/Reports/RequestNewReport/StepReportDetail/ReportCriteria/CompaniesModal.tsx,15.69,25.00,19.80,4,591,197,3
packages/host/src/components/Reports/RequestNewReport/StepReportDetail/ReportCriteria/MonthRangePicker.test.tsx,15.69,25.00,19.80,4,513,171,3
packages/host/src/components/TOTPDialog/MFAModalContent.test.tsx,15.69,25.00,19.80,4,511,89,4
packages/host/src/hooks/useUserProfileDrawer.ts,7.84,50.00,19.80,2,128,0,2
packages/host/src/pages/AdminManagement/EntitlementManagement/LoaRuleDetail.test.tsx,62.75,6.25,19.80,16,934,263,9
packages/host/src/pages/Dashboard/EditShortcutsTab.test.tsx,31.37,12.50,19.80,8,850,116,5
packages/host/src/components/Dashboard/Calendar.test.tsx,19.61,18.75,19.17,5,2484,621,4
packages/host/src/components/Filters/ScheduledTransactionFilters.test.tsx,19.61,18.75,19.17,5,223,73,3
packages/host/src/components/Reports/RequestNewReport/StepReportDetail/ReportCriteria/AccountsModal.test.tsx,19.61,18.75,19.17,5,2280,570,4
packages/host/src/components/Reports/RequestNewReport/StepReportTemplate/SelectReportTemplate.test.tsx,19.61,18.75,19.17,5,2420,605,4
packages/host/src/components/SMBCTable/SMBCTablePageSizeDropdown.tsx,19.61,18.75,19.17,5,112,5,4
packages/host/src/components/UserManagement/Templates/EntitlementTemplateDetails/ServicesTab/index.test.tsx,19.61,18.75,19.17,5,328,7,4
packages/host/src/components/UserManagement/UpdatePassword/UpdatePasswordModal.tsx,19.61,18.75,19.17,5,121,22,4
packages/host/src/components/UserManagement/UserDetail/UserManagementDetailLandingTab.tsx,58.82,6.25,19.17,15,86,40,7
packages/host/src/components/UserProfile/UpdateCurrencyModal.tsx,19.61,18.75,19.17,5,138,2,5
packages/host/src/features/limitSlice.ts,19.61,18.75,19.17,5,132,5,5
packages/host/src/hooks/useAccountEnquiryAccess.ts,19.61,18.75,19.17,5,92,4,2
packages/host/src/hooks/useContentInformationSideModal.ts,19.61,18.75,19.17,5,584,146,4
packages/host/src/bootstrap.test.tsx,11.76,31.25,19.17,3,262,5,3
packages/host/src/components/Announcement/AnnouncementSideModal.test.tsx,54.90,6.25,18.52,14,1865,399,6
packages/host/src/components/CreateNewUser/ServiceSelectionModal.test.tsx,27.45,12.50,18.52,7,542,48,6
packages/host/src/components/EmptyTableData/EmptyTableData.tsx,27.45,12.50,18.52,7,39,12,6
packages/host/src/components/Reports/EditReport/EditReportReview.test.tsx,27.45,12.50,18.52,7,3820,999,4
packages/host/src/components/Reports/ReportHistory/ReportHistorySaveAsTemplateModal.test.tsx,27.45,12.50,18.52,7,972,162,5
packages/host/src/components/TableGridView/TableGridView.tsx,3.92,87.50,18.52,1,380,0,1
packages/host/src/components/UserManagement/CreateUser/SuccessBanner.tsx,27.45,12.50,18.52,7,126,53,6
packages/host/src/components/UserManagement/CreateUser/UserDetail/UserAccessSubmissionSummaryTab.tsx,7.84,43.75,18.52,2,42,1,2
packages/host/src/pages/Login/FirstTimeSetup/TermsAndConditions.test.tsx,54.90,6.25,18.52,14,1565,560,9
packages/host/src/components/ExitModal/ExitModal.test.tsx,50.98,6.25,17.85,13,908,538,7
packages/host/src/components/Login/ForgotPassword/OTPForHardToken.tsx,50.98,6.25,17.85,13,131,78,6
packages/host/src/components/Login/HardTokenForm.test.tsx,50.98,6.25,17.85,13,1049,85,9
packages/host/src/hooks/useAddedUser.ts,50.98,6.25,17.85,13,352,24,8
packages/host/src/pages/ActivityLog/ActivityLog.test.tsx,50.98,6.25,17.85,13,985,627,8
packages/host/src/pages/AdminManagement/CompanyManagement/CompanyDetails.tsx,50.98,6.25,17.85,13,63,31,6
packages/host/src/components/AccountEnquiry/AllAccount/AccountDetails/TransactionHistoryAndScheduledTransactionTab/DebitCreditSection.test.tsx,47.06,6.25,17.15,12,156,83,10
packages/host/src/components/CompanyProfile/CompanyContact.tsx,7.84,37.50,17.15,2,58,1,2
packages/host/src/components/CompanyProfile/EditGeneralSettingsForm.test.tsx,23.53,12.50,17.15,6,261,4,6
packages/host/src/components/CompanyProfile/ReviewEditCompanyContact.test.tsx,23.53,12.50,17.15,6,212,56,6
packages/host/src/components/CompanyProfile/UpdatePasswordModal.tsx,15.69,18.75,17.15,4,80,2,2
packages/host/src/components/CreateNewUser/TCSetEntitlementsForm.test.tsx,23.53,12.50,17.15,6,503,46,4
packages/host/src/components/Dashboard/BalanceTransitionAccount/BalanceLineChartWidget.tsx,15.69,18.75,17.15,4,231,12,4
packages/host/src/components/Filters/TransactionHistoryFilters.test.tsx,15.69,18.75,17.15,4,226,79,3
packages/host/src/components/InstructionFilterModal/InstructionFilterModal.tsx,23.53,12.50,17.15,6,383,142,5
packages/host/src/components/Reports/ReportDetailLanding/ReportTemplateTab/AmountRangeCard.tsx,23.53,12.50,17.15,6,210,42,4
packages/host/src/components/Reports/ReportTemplates/DeleteReportTemplateModal.tsx,23.53,12.50,17.15,6,500,100,4
packages/host/src/components/Reports/RequestNewReport/StepReportDetail/ReportCriteria/ConditionsListing.test.tsx,15.69,18.75,17.15,4,837,279,3
packages/host/src/components/Reports/RequestNewReport/StepReportDetail/ReportCriteria/ReportCriteriaSection.test.tsx,23.53,12.50,17.15,6,4262,1068,4
packages/host/src/components/Reports/ScheduledReports/DeleteScheduledReportModal.test.tsx,23.53,12.50,17.15,6,800,160,4
packages/host/src/components/Reports/ScheduledReports/DeleteScheduledReportModal.tsx,23.53,12.50,17.15,6,470,94,4
packages/host/src/components/ReviewAndComfirmMyTask/TCTransaction.tsx,7.84,37.50,17.15,2,147,1,2
packages/host/src/components/SidePanel/SidePanelProfile.tsx,7.84,37.50,17.15,2,188,0,2
packages/host/src/components/Toast/ToastContainer.tsx,23.53,12.50,17.15,6,55,5,5
packages/host/src/components/UserManagement/CompanyDetail/LimitsTab.test.tsx,23.53,12.50,17.15,6,188,71,6
packages/host/src/components/UserManagement/CompanyDetail/UserAccountTable.test.tsx,15.69,18.75,17.15,4,147,7,4
packages/host/src/components/UserManagement/CreateUser/UserDetail/UserDetailSubmissionSummaryTab.tsx,15.69,18.75,17.15,4,46,3,3
packages/host/src/components/UserManagement/Templates/CreateEditTemplate/AddServiceModal.test.tsx,15.69,18.75,17.15,4,90,3,4
packages/host/src/components/UserProfile/EditNotification/AddAccountModal.tsx,11.76,25.00,17.15,3,219,32,3
packages/host/src/constants/AuthConstan.ts,23.53,12.50,17.15,6,32,1,3
packages/host/src/features/addedUserSlice.ts,47.06,6.25,17.15,12,491,50,10
packages/host/src/hooks/useDeleteEntitlementTemplate.ts,15.69,18.75,17.15,4,246,2,4
packages/host/src/hooks/useMultipleLogin.test.ts,11.76,25.00,17.15,3,592,0,3
packages/host/src/pages/AdminManagement/EntitlementManagement/CloneEditDeleteMatrix/DeleteMatrix.test.tsx,47.06,6.25,17.15,12,441,114,8
packages/host/src/pages/Dashboard/EditWidgetsTab.test.tsx,23.53,12.50,17.15,6,720,34,3
packages/host/src/utils/apiDebugLog.ts,7.84,37.50,17.15,2,188,9,1
packages/host/src/utils/getUrl.ts,23.53,12.50,17.15,6,36,17,5
packages/host/src/utils/userManagement/userDetailDataTramsform.test.tsx,15.69,18.75,17.15,4,250,30,3
packages/host/src/components/ReviewAndComfirmMyTask/BeneficiaryInformation.tsx,3.92,68.75,16.42,1,44,0,1
packages/host/src/components/ToDoList/InstructionExpandMenu.tsx,43.14,6.25,16.42,11,52,16,7
packages/host/src/components/UserProfile/UserProfileComponent.test.tsx,43.14,6.25,16.42,11,1047,338,8
packages/host/src/hooks/useDashboard.ts,43.14,6.25,16.42,11,354,68,6
packages/host/src/components/Announcement/AnnouncementModal.test.tsx,39.22,6.25,15.66,10,1180,280,5
packages/host/src/components/ButtonSwitchGroup/ButtonSwitchGroup.tsx,7.84,31.25,15.66,2,87,2,2
packages/host/src/components/CompanyProfile/GeneralSettings.test.tsx,19.61,12.50,15.66,5,91,12,5
packages/host/src/components/Dashboard/BalanceByAccountStacked.test.tsx,19.61,12.50,15.66,5,420,6,4
packages/host/src/components/Dashboard/Widgets/WidgetFilter/CashFlowFilter.tsx,19.61,12.50,15.66,5,175,28,5
packages/host/src/components/EntitlementManagement/LoaRule/ModalCreateLoa.test.tsx,39.22,6.25,15.66,10,197,56,7
packages/host/src/components/Filters/AccountGroupFilters.test.tsx,39.22,6.25,15.66,10,449,190,5
packages/host/src/components/InstructionModal/TCFinancialInstructionModal.test.tsx,19.61,12.50,15.66,5,1704,426,4
packages/host/src/components/Login/SoftTokenContent.test.tsx,39.22,6.25,15.66,10,510,122,7
packages/host/src/components/Reports/RequestNewReport/StepReportDetail/ReportCriteria/ActivityLogFields.test.tsx,19.61,12.50,15.66,5,2748,687,4
packages/host/src/components/Reports/RequestNewReport/StepReportDetail/ReportCriteria/UserListFields.test.tsx,19.61,12.50,15.66,5,1496,374,4
packages/host/src/components/Reports/RequestNewReport/StepReportReview/ReportReview.test.tsx,19.61,12.50,15.66,5,3080,770,4
packages/host/src/components/Reports/RequestNewReport/StepReportReview/ReportSubmitTabs.test.tsx,19.61,12.50,15.66,5,2676,669,4
packages/host/src/components/UserManagement/Templates/EntitlementTemplateDetails/AccountTab/AccountsTable.test.tsx,19.61,12.50,15.66,5,95,6,5
packages/host/src/components/UserManagement/Templates/EntitlementTemplateDetails/ServicesTab/AccountAccordion.tsx,7.84,31.25,15.66,2,114,0,2
packages/host/src/components/UserManagement/Templates/EntitlementTemplateDetails/ServicesTab/AccountsModal.tsx,7.84,31.25,15.66,2,150,0,2
packages/host/src/hooks/useActivation.ts,19.61,12.50,15.66,5,201,39,3
packages/host/src/hooks/useEntitlement.test.ts,39.22,6.25,15.66,10,2174,94,8
packages/host/src/pages/AccountEnquiry/AccountGroup/AccountGroupsLanding.test.tsx,19.61,12.50,15.66,5,150,7,3
packages/host/src/pages/Dashboard/EditWidgetsTab.drag.test.tsx,7.84,31.25,15.66,2,526,0,1
packages/host/src/utils/getPermissionLabel.ts,19.61,12.50,15.66,5,31,14,4
packages/host/src/utils/languageUtils.ts,19.61,12.50,15.66,5,54,12,5
packages/host/src/utils/userManagement/permissionUtils.test.ts,19.61,12.50,15.66,5,234,3,3
packages/host/src/components/Login/SoftTokenContent.tsx,35.29,6.25,14.85,9,161,37,5
packages/host/src/components/Login/TermsAndConditionModlal.test.tsx,35.29,6.25,14.85,9,1447,447,7
packages/host/src/hooks/useGeneralSettingsForm.ts,35.29,6.25,14.85,9,109,33,5
packages/host/src/pages/AccountEnquiry/AccountEnquiryLanding.test.tsx,35.29,6.25,14.85,9,88,6,8
packages/host/src/pages/Login/FirstTimeSetup/HardTokenSetup.test.tsx,35.29,6.25,14.85,9,22,12,7
packages/host/src/pages/Taskbox/Taskbox.test.tsx,35.29,6.25,14.85,9,528,497,6
packages/host/src/components/Chip/FilterChip.tsx,11.76,18.75,14.85,3,146,38,3
packages/host/src/components/CreateNewUser/ReviewAndSubmit/Accounts/ReviewRenderAccountRow.test.tsx,11.76,18.75,14.85,3,141,1,2
packages/host/src/components/Dashboard/BalanceTransitionAccount/BalanceLineChartWidget.test.tsx,11.76,18.75,14.85,3,221,0,3
packages/host/src/components/Dashboard/BalanceTransitionAccount/defaultTooltipPlugin.tsx,3.92,56.25,14.85,1,34,0,1
packages/host/src/components/Dashboard/StackWidgetFlowWrapper.tsx,11.76,18.75,14.85,3,95,6,3
packages/host/src/components/SMBCTable/HeaderDropdown.tsx,11.76,18.75,14.85,3,121,59,3
packages/host/src/components/SidePanel/SidePanelNext.tsx,3.92,56.25,14.85,1,112,0,1
packages/host/src/components/TutorialModal/TutorialModal.tsx,11.76,18.75,14.85,3,161,10,3
packages/host/src/components/UserManagement/CompanyDetail/EntitlementAccountCellRenderer.test.tsx,11.76,18.75,14.85,3,107,14,2
packages/host/src/components/UserManagement/Templates/EntitlementTemplateDetails/ServicesTab/PermissionsTable.test.tsx,11.76,18.75,14.85,3,83,8,2
packages/host/src/hooks/useActiveSession.ts,11.76,18.75,14.85,3,121,3,2
packages/host/src/components/AccountEnquiry/AllAccount/AccountDetails/OtherDetailsSection.tsx,7.84,25.00,14.00,2,20,15,2
packages/host/src/components/BackButton/BackButton.tsx,31.37,6.25,14.00,8,70,43,4
packages/host/src/components/CompanyProfile/FieldDiff.test.tsx,31.37,6.25,14.00,8,137,7,7
packages/host/src/components/CreateNewUser/CompanySelection/AddCompanyModal.tsx,15.69,12.50,14.00,4,109,12,4
packages/host/src/components/CreateNewUser/ReviewAndSubmit/Accounts/ReviewServicesExpandedRow.test.tsx,15.69,12.50,14.00,4,127,15,4
packages/host/src/components/CustomerFeedback/CustomerFeedbackModal.test.tsx,15.69,12.50,14.00,4,780,260,3
packages/host/src/components/Dashboard/PreviewWidgetSideModal.tsx,7.84,25.00,14.00,2,314,0,1
packages/host/src/components/EntitlementManagement/LoaRule/ModalCreateLoa.tsx,31.37,6.25,14.00,8,226,73,5
packages/host/src/components/Login/TermsAndConditionsLanguageModal.tsx,3.92,50.00,14.00,1,116,0,1
packages/host/src/components/Login/TermsAndConditionsModal.test.tsx,7.84,25.00,14.00,2,736,0,2
packages/host/src/components/Reports/ReportDetailLanding/ReportTemplateTab/RecipientsTab.test.tsx,31.37,6.25,14.00,8,1265,493,4
packages/host/src/components/Reports/RequestNewReport/StepReportDetail/ReportContent/FieldsModal.tsx,15.69,12.50,14.00,4,615,205,3
packages/host/src/components/Reports/RequestNewReport/StepReportDetail/ReportCriteria/ConditionsModal.tsx,15.69,12.50,14.00,4,693,231,3
packages/host/src/components/TableGridView/TableGridViewExpension.tsx,3.92,50.00,14.00,1,395,0,1
packages/host/src/components/UserManagement/Templates/AddDomainUsers/TableColumn.test.tsx,7.84,25.00,14.00,2,176,3,2
packages/host/src/components/UserManagement/Templates/CreateEditTemplate/ServicesExpandedRow.test.tsx,31.37,6.25,14.00,8,175,13,5
packages/host/src/components/UserManagement/Templates/EntitlementTemplateDetails/LimitsTab/index.test.tsx,15.69,12.50,14.00,4,83,9,4
packages/host/src/components/UserManagement/Templates/EntitlementTemplateDetails/ServicesTab/PermissionsTable.tsx,31.37,6.25,14.00,8,351,166,7
packages/host/src/features/localizationSlice.ts,15.69,12.50,14.00,4,244,82,2
packages/host/src/features/reportSlice.test.ts,31.37,6.25,14.00,8,1651,331,6
packages/host/src/hooks/useDebugShortcut.ts,7.84,25.00,14.00,2,17,2,1
packages/host/src/hooks/useIdleLogout.ts,15.69,12.50,14.00,4,144,39,3
packages/host/src/pages/AdminManagement/ApprovalMatrixManagement/ApprovalGroup/DifferentField.test.tsx,31.37,6.25,14.00,8,516,12,7
packages/host/src/utils/hooksUtils.test.ts,31.37,6.25,14.00,8,382,21,7
packages/host/src/components/Dashboard/BalanceTransitionAccount/BalanceTransitionAccount.test.tsx,27.45,6.25,13.10,7,1242,147,4
packages/host/src/components/Help/HelpModal.test.tsx,27.45,6.25,13.10,7,983,335,4
packages/host/src/components/Login/ForgotPIN/OTPForSoftToken.test.tsx,27.45,6.25,13.10,7,1301,14,3
packages/host/src/components/Login/ForgotPIN/ResetPIN.test.tsx,27.45,6.25,13.10,7,1775,1,3
packages/host/src/components/NavBar/NotificationInbox/NotificationInbox.test.tsx,27.45,6.25,13.10,7,1034,294,6
packages/host/src/components/Reports/RequestNewReport/StepReportTemplate/TableColumn.test.tsx,27.45,6.25,13.10,7,1027,217,4
packages/host/src/components/Reports/ScheduledReports/TableColumn.test.tsx,27.45,6.25,13.10,7,1235,255,5
packages/host/src/components/UserManagement/UserDetail/UserDetailComponent.test.tsx,27.45,6.25,13.10,7,349,16,5
packages/host/src/components/UserProfile/UserProfileLandingTab.tsx,27.45,6.25,13.10,7,58,17,6
packages/host/src/hooks/useAccount.test.ts,27.45,6.25,13.10,7,689,303,4
packages/host/src/hooks/useActivity.ts,27.45,6.25,13.10,7,330,182,6
packages/host/src/pages/Notification/Notification.test.tsx,27.45,6.25,13.10,7,771,205,6
packages/host/src/components/Login/LoginLanguageModal.tsx,3.92,43.75,13.10,1,95,0,1
packages/host/src/components/SMBCButtonGroup/SMBCButtonGroup.tsx,3.92,43.75,13.10,1,143,0,1
packages/host/src/components/Dashboard/BalanceTransitionAccount/topAxisLabelPlugin.tsx,3.92,37.50,12.13,1,44,0,1
packages/host/src/components/Form/SMBCCheckboxForm/SMBCCheckboxForm.tsx,7.84,18.75,12.13,2,56,2,2
packages/host/src/features/outwardSlice.ts,7.84,18.75,12.13,2,169,4,2
packages/host/src/utils/formatString.ts,3.92,37.50,12.13,1,37,0,1
packages/host/src/utils/userManagement/setAccountUtils.ts,3.92,37.50,12.13,1,28,0,1
packages/host/src/components/Chart/ChartFlowOverviewChart.test.tsx,23.53,6.25,12.13,6,624,64,6
packages/host/src/components/CreateNewUser/ReviewAndSubmit/ReviewUserDetails.test.tsx,23.53,6.25,12.13,6,233,28,3
packages/host/src/components/Dashboard/Widgets/WidgetFilter/BalanceByAccountChartFilter.tsx,23.53,6.25,12.13,6,155,25,6
packages/host/src/components/Dashboard/Widgets/WidgetFilter/CalendarFilter.tsx,23.53,6.25,12.13,6,432,108,4
packages/host/src/components/EAdvice/TableColumn.test.tsx,23.53,6.25,12.13,6,1150,294,5
packages/host/src/components/EntitlementManagement/LoaRule/CompanyRow.tsx,23.53,6.25,12.13,6,93,47,5
packages/host/src/components/EntitlementManagement/LoaRule/ModalEditLoa.test.tsx,23.53,6.25,12.13,6,131,10,6
packages/host/src/components/Login/PasswordlessForm.test.tsx,23.53,6.25,12.13,6,199,73,5
packages/host/src/components/NavBar/PasswordReset/MFAModal.test.tsx,11.76,12.50,12.13,3,492,2,3
packages/host/src/components/NavBar/PasswordReset/PasswordResetModal.test.tsx,11.76,12.50,12.13,3,983,5,2
packages/host/src/components/Reports/ReportTemplates/DeleteReportTemplateModal.test.tsx,23.53,6.25,12.13,6,820,164,4
packages/host/src/components/Reports/RequestNewReport/StepReportPreviewShare/ContactsModal.test.tsx,23.53,6.25,12.13,6,2110,422,4
packages/host/src/components/SMBCTooltip/SMBCTooltip.tsx,23.53,6.25,12.13,6,112,26,6
packages/host/src/components/ToDoList/InstructionSubMenu.tsx,11.76,12.50,12.13,3,99,7,3
packages/host/src/components/UserProfile/ProfileLanguageModal.test.tsx,23.53,6.25,12.13,6,551,351,5
packages/host/src/features/eAdviceSlice.ts,23.53,6.25,12.13,6,790,203,5
packages/host/src/guard/AuthGuard.tsx,11.76,12.50,12.13,3,19,3,3
packages/host/src/hooks/useDomain.ts,23.53,6.25,12.13,6,105,49,5
packages/host/src/hooks/useLocalization.ts,23.53,6.25,12.13,6,145,53,4
packages/host/src/pages/AdminManagement/EntitlementManagement/CloneEditDeleteMatrix/CloneMatrix.test.tsx,23.53,6.25,12.13,6,187,29,3
packages/host/src/pages/Login/FirstTimeSetup/const.test.ts,23.53,6.25,12.13,6,710,532,3
packages/host/src/utils/formateDate.test.ts,11.76,12.50,12.13,3,291,0,3
packages/host/src/components/AccountManagement/AccountDetails/EditAccountDetails/EditAccountDetailsFooter.tsx,19.61,6.25,11.07,5,37,3,3
packages/host/src/components/AccountManagement/AccountDetails/EditAccountDetails/FieldDiff.test.tsx,19.61,6.25,11.07,5,141,2,4
packages/host/src/components/CreateNewUser/ReviewAndSubmit/ReviewAndSubmitLanding.test.tsx,19.61,6.25,11.07,5,164,12,3
packages/host/src/components/Dashboard/Widgets/WidgetFilter/PortfolioSummaryFilter.tsx,19.61,6.25,11.07,5,448,112,4
packages/host/src/components/Dashboard/Widgets/WidgetFilter/WidgetFilter.test.tsx,19.61,6.25,11.07,5,892,223,4
packages/host/src/components/Dropdown/DropdownCurrency.tsx,3.92,31.25,11.07,1,84,0,1
packages/host/src/components/EntitlementManagement/LoaRule/CompanySelectorModal.test.tsx,19.61,6.25,11.07,5,169,10,5
packages/host/src/components/FormField/FormField.tsx,3.92,31.25,11.07,1,95,0,1
packages/host/src/components/Login/ConcurrentModal.test.tsx,19.61,6.25,11.07,5,185,91,3
packages/host/src/components/Login/ForgotPassword/EnterPIN.tsx,19.61,6.25,11.07,5,253,1,2
packages/host/src/components/Login/MultipleLoginModal/MultipleLoginModal.test.tsx,19.61,6.25,11.07,5,146,10,4
packages/host/src/components/NavBar/PINReset/VerifyCurrentPIN.test.tsx,19.61,6.25,11.07,5,563,32,2
packages/host/src/components/NavBar/ProfileButton.test.tsx,19.61,6.25,11.07,5,904,106,3
packages/host/src/components/Reports/RequestNewReport/StepReportDetail/ReportContent/FieldsModal.test.tsx,19.61,6.25,11.07,5,1088,272,4
packages/host/src/components/SMBCDropdown/SMBCDropdownSelect.test.tsx,19.61,6.25,11.07,5,248,1,4
packages/host/src/components/Tag/StatusUtils.test.tsx,19.61,6.25,11.07,5,119,7,4
packages/host/src/components/UserManagement/Templates/CreateEditTemplate/EditSubServicePermissionModal.test.tsx,19.61,6.25,11.07,5,189,71,5
packages/host/src/features/entitlementSlice.test.ts,19.61,6.25,11.07,5,1338,27,4
packages/host/src/hooks/useDashboard.test.ts,19.61,6.25,11.07,5,415,36,4
packages/host/src/hooks/useInstructionActions.test.ts,19.61,6.25,11.07,5,3232,808,4
packages/host/src/pages/EAdvice/EAdvice.test.tsx,19.61,6.25,11.07,5,388,97,4
packages/host/src/pages/Login/FirstTimeSetup/CreateUserId.tsx,19.61,6.25,11.07,5,6,6,3
packages/host/src/pages/Login/FirstTimeSetup/SetPIN.test.tsx,19.61,6.25,11.07,5,1197,19,1
packages/host/src/utils/instructionOptions.ts,3.92,31.25,11.07,1,19,0,1
packages/host/src/components/CompanyProfile/ServiceFieldDiff.tsx,3.92,25.00,9.90,1,38,0,1
packages/host/src/components/CreateNewUser/RenderAccountRow.test.tsx,7.84,12.50,9.90,2,175,1,1
packages/host/src/components/Dashboard/BulkUpload.tsx,7.84,12.50,9.90,2,63,1,2
packages/host/src/components/Dropdown/DropdownMultipleSelect.tsx,3.92,25.00,9.90,1,75,0,1
packages/host/src/components/EntitlementManagement/LoaGroup/TableColumn.test.tsx,15.69,6.25,9.90,4,241,17,4
packages/host/src/components/EntitlementManagement/LoaRule/ModalEditLoa.tsx,15.69,6.25,9.90,4,81,9,4
packages/host/src/components/ExportDownload/ExportDownloadModal.test.tsx,15.69,6.25,9.90,4,109,1,3
packages/host/src/components/Form/BulkUploadForm/BulkUploadForm.tsx,3.92,25.00,9.90,1,172,0,1
packages/host/src/components/Form/SelectCurrencyForm/SelectCurrencyForm.tsx,3.92,25.00,9.90,1,53,0,1
packages/host/src/components/Loading/Loading.tsx,3.92,25.00,9.90,1,148,0,1
packages/host/src/components/Login/ForgotPIN/OTPForMFA.test.tsx,15.69,6.25,9.90,4,588,0,1
packages/host/src/components/Logout/Logout.test.tsx,15.69,6.25,9.90,4,138,15,4
packages/host/src/components/NavBar/NotificationInbox/NotificationTabs.test.tsx,15.69,6.25,9.90,4,192,64,4
packages/host/src/components/NavBar/PINReset/PINResetModal.test.tsx,7.84,12.50,9.90,2,1080,0,2
packages/host/src/components/NavBar/PasswordReset/VerifyCurrentPassword.test.tsx,15.69,6.25,9.90,4,671,33,2
packages/host/src/components/Reports/RequestNewReport/StepReportDetail/ReportCriteria/CompaniesModal.test.tsx,15.69,6.25,9.90,4,576,192,3
packages/host/src/components/Reports/RequestNewReport/StepReportDetail/ReportCriteria/ConditionsModal.test.tsx,15.69,6.25,9.90,4,693,231,3
packages/host/src/components/Reports/RequestNewReport/StepReportDetail/ReportCriteria/ScheduledDeliveryFields.test.tsx,15.69,6.25,9.90,4,1059,353,3
packages/host/src/components/ScrollToTop/ScrollToTop.tsx,7.84,12.50,9.90,2,100,0,2
packages/host/src/components/SidePanel/SidePanel.tsx,3.92,25.00,9.90,1,102,0,1
packages/host/src/components/TaskProgress/ProgressBar.tsx,7.84,12.50,9.90,2,63,0,2
packages/host/src/components/UserManagement/Templates/EntitlementTemplateDetails/AccountTab/ServicesModal.tsx,7.84,12.50,9.90,2,134,0,2
packages/host/src/hooks/useHookUtilities.test.tsx,7.84,12.50,9.90,2,320,0,2
packages/host/src/hooks/useInstructionDropdownPortal.ts,7.84,12.50,9.90,2,57,2,2
packages/host/src/hooks/useLimit.ts,15.69,6.25,9.90,4,106,2,3
packages/host/src/hooks/useOutward.ts,7.84,12.50,9.90,2,183,2,2
packages/host/src/utils/checkBrowser.ts,15.69,6.25,9.90,4,10,3,4
packages/host/src/utils/parseAmount.ts,7.84,12.50,9.90,2,16,0,1
packages/host/src/utils/userManagement/textMapper.test.ts,15.69,6.25,9.90,4,135,10,3
packages/host/src/components/AccountCardList/AccountCardList.tsx,3.92,18.75,8.57,1,110,0,1
packages/host/src/components/CreateNewUser/CompanySelection/AddCompanyModal.test.tsx,11.76,6.25,8.57,3,78,2,3
packages/host/src/components/CurrencyDropdown/CurrencyIconDropdown.tsx,3.92,18.75,8.57,1,71,0,1
packages/host/src/components/Dashboard/BalanceTransitionAccount/crosshairPlugin.tsx,3.92,18.75,8.57,1,44,0,1
packages/host/src/components/Dashboard/BalanceTransitionAccount/fullHeightGridPlugin.tsx,3.92,18.75,8.57,1,54,0,1
packages/host/src/components/Dashboard/Widgets/WidgetFilter/BalanceTransitionAccountFilter.tsx,11.76,6.25,8.57,3,100,8,3
packages/host/src/components/Dashboard/Widgets/WidgetFilter/ThreeSixtyOverviewFilter.tsx,11.76,6.25,8.57,3,118,6,3
packages/host/src/components/Dialog/DeleteDialog/DeleteDialog.test.tsx,11.76,6.25,8.57,3,116,0,3
packages/host/src/components/Dropdown/Dropdown.tsx,3.92,18.75,8.57,1,127,0,1
packages/host/src/components/Form/AccountCardSelectForm/AccountCardSelectForm.tsx,3.92,18.75,8.57,1,112,0,1
packages/host/src/components/InfoSnackbar/SuccessSnackbar.tsx,3.92,18.75,8.57,1,53,0,1
packages/host/src/components/Modal/Modal.tsx,3.92,18.75,8.57,1,39,0,1
packages/host/src/components/NavBar/PINReset/SetNewPINStep.test.tsx,11.76,6.25,8.57,3,653,1,2
packages/host/src/components/TableGridView/hooks.ts,11.76,6.25,8.57,3,99,4,3
packages/host/src/components/Taskbox/InstructionDetail/useApprovalGroupTask.ts,3.92,18.75,8.57,1,43,0,1
packages/host/src/components/Taskbox/InstructionDetail/useLoaMatrixTask.ts,3.92,18.75,8.57,1,28,0,1
packages/host/src/components/ToDoList/InstructionDropdownPortal.test.tsx,11.76,6.25,8.57,3,144,2,3
packages/host/src/components/UserManagement/Templates/CreateEditTemplate/AddAccountLimitModal.test.tsx,11.76,6.25,8.57,3,82,4,3
packages/host/src/contexts/LoadingContext.tsx,11.76,6.25,8.57,3,38,5,3
packages/host/src/hooks/useApprovalMatrixAccess.ts,3.92,18.75,8.57,1,59,0,1
packages/host/src/hooks/useUserDetail.ts,11.76,6.25,8.57,3,66,0,3
packages/host/src/hooks/useUserProfile.ts,11.76,6.25,8.57,3,77,0,3
packages/host/src/utils/commonUtils.test.ts,11.76,6.25,8.57,3,263,0,3
packages/host/src/components/AccountEnquiry/AllAccount/AccountDetails/TransactionHistoryAndScheduledTransactionTab/RelatedTransactionSection.test.tsx,3.92,12.50,7.00,1,273,0,1
packages/host/src/components/AccountEnquiry/AllAccount/TableColumn.test.tsx,3.92,12.50,7.00,1,218,0,1
packages/host/src/components/AccountEnquiry/MyAccountGroups/EmptyTableData.tsx,7.84,6.25,7.00,2,36,6,2
packages/host/src/components/CompanyProfile/UpdatePasswordModal.test.tsx,7.84,6.25,7.00,2,135,1,2
packages/host/src/components/Dashboard/SortableWidget.tsx,3.92,12.50,7.00,1,101,0,1
packages/host/src/components/Entitlement/Entitlement.tsx,3.92,12.50,7.00,1,212,0,1
packages/host/src/components/FilterListModal/FilterListModal.tsx,3.92,12.50,7.00,1,104,0,1
packages/host/src/components/Form/ForeignBankChangeRadio/ForeignBankChangeRadio.tsx,3.92,12.50,7.00,1,66,0,1
packages/host/src/components/Form/SMBCPhoneNumberForm/SMBCPhoneNumberForm.test.tsx,3.92,12.50,7.00,1,249,0,1
packages/host/src/components/Form/SelectLOANewGroup/SelectLOANewGroup.tsx,3.92,12.50,7.00,1,40,0,1
packages/host/src/components/Form/SelectService/SelectService.tsx,3.92,12.50,7.00,1,38,0,1
packages/host/src/components/IconDisplay/IconDisplayText.tsx,3.92,12.50,7.00,1,21,0,1
packages/host/src/components/InputField/InputField.tsx,3.92,12.50,7.00,1,83,0,1
packages/host/src/components/Login/AutoLogoutModal.test.tsx,7.84,6.25,7.00,2,111,8,2
packages/host/src/components/MultiLineText/MultiLineText.test.tsx,7.84,6.25,7.00,2,90,0,2
packages/host/src/components/NavBar/NavBar.test.tsx,7.84,6.25,7.00,2,514,0,2
packages/host/src/components/SMBCPhoneNumberField/SMBCPhoneNumberField.test.tsx,3.92,12.50,7.00,1,197,0,1
packages/host/src/components/ScrollToTop/ScrollToTop.test.tsx,7.84,6.25,7.00,2,438,0,2
packages/host/src/components/Stepper/SubStepper.tsx,3.92,12.50,7.00,1,3,3,1
packages/host/src/components/ToDoList/InstructionDropdownPortal.tsx,7.84,6.25,7.00,2,78,1,2
packages/host/src/components/UserProfile/UpdateCurrencyModal.test.tsx,7.84,6.25,7.00,2,351,113,2
packages/host/src/contexts/FooterContext.tsx,7.84,6.25,7.00,2,30,2,2
packages/host/src/contexts/NotificationContext.test.tsx,7.84,6.25,7.00,2,162,0,2
packages/host/src/contexts/NotificationContext.tsx,7.84,6.25,7.00,2,49,10,2
packages/host/src/features/newTransferSlice.ts,3.92,12.50,7.00,1,137,0,1
packages/host/src/guard/AccountEnquiryGuard.tsx,3.92,12.50,7.00,1,23,0,1
packages/host/src/guard/ApprovalMatrixGuard.tsx,3.92,12.50,7.00,1,22,0,1
packages/host/src/hooks/useUserProfileDrawer.test.ts,7.84,6.25,7.00,2,440,0,2
packages/host/src/reportWebVitals.ts,3.92,12.50,7.00,1,16,0,1
packages/host/src/utils/passwordValidation.test.ts,7.84,6.25,7.00,2,274,0,2
packages/host/src/utils/passwordValidation.ts,7.84,6.25,7.00,2,54,0,2
packages/remote/src/reportWebVitals.ts,3.92,12.50,7.00,1,15,0,1
packages/host/src/components/Button/Button.tsx,3.92,6.25,4.95,1,41,0,1
packages/host/src/components/Card/Card.tsx,3.92,6.25,4.95,1,21,0,1
packages/host/src/components/CreateNewUser/AddUserReviewForm.test.tsx,3.92,6.25,4.95,1,453,0,1
packages/host/src/components/Form/SMBCRadioForm/SMBCRadioForm.tsx,3.92,6.25,4.95,1,38,0,1
packages/host/src/components/FormInputFB/Select.tsx,3.92,6.25,4.95,1,38,0,1
packages/host/src/components/FormattedAmount/FormattedAmount.tsx,3.92,6.25,4.95,1,29,0,1
packages/host/src/components/InfoSnackbar/InfoSnackbar.tsx,3.92,6.25,4.95,1,72,0,1
packages/host/src/components/LanguageDropdown/LanguageDropdown.test.tsx,3.92,6.25,4.95,1,159,0,1
packages/host/src/components/Login/LoginLanguageModal.test.tsx,3.92,6.25,4.95,1,159,0,1
packages/host/src/components/Login/ReturnLoginButton.tsx,3.92,6.25,4.95,1,22,0,1
packages/host/src/components/MultipleTaskSummaryModal/MultipleTaskSummaryModal.tsx,3.92,6.25,4.95,1,144,0,1
packages/host/src/components/Taskbox/TaskboxHeader.tsx,3.92,6.25,4.95,1,23,0,1
packages/host/src/components/Timepicker/Timepicker.tsx,3.92,6.25,4.95,1,41,0,1
packages/host/src/features/userDetailSlice.ts,3.92,6.25,4.95,1,111,0,1
packages/host/src/hooks/useEffectOnce.ts,3.92,6.25,4.95,1,14,0,1
packages/host/src/utils/inputRegex.test.ts,3.92,6.25,4.95,1,54,0,1
packages/host/src/utils/useCountdown.ts,3.92,6.25,4.95,1,38,0,1
packages/host/src/assets/SvgIcon.tsx,100.00,0.00,0.00,43,483,35,15
packages/host/src/bootstrap.tsx,19.61,0.00,0.00,5,67,19,4
packages/host/src/components/AccountCardList/AccountCard.tsx,3.92,0.00,0.00,1,25,0,1
packages/host/src/components/AccountEnquiry/AllAccount/AccountDetails/AccountStatusSection.test.tsx,19.61,0.00,0.00,5,257,84,4
packages/host/src/components/AccountEnquiry/AllAccount/AccountDetails/OtherDetailsSection.test.tsx,3.92,0.00,0.00,1,9,1,1
packages/host/src/components/AccountEnquiry/AllAccount/AccountDetails/TransactionHistoryAndScheduledTransactionTab/OtherInformationSection.test.tsx,27.45,0.00,0.00,7,367,95,7
packages/host/src/components/AccountEnquiry/AllAccount/AccountDetails/TransactionHistoryAndScheduledTransactionTab/PayeeInformationSection.test.tsx,35.29,0.00,0.00,9,394,191,8
packages/host/src/components/AccountEnquiry/AllAccount/AccountDetails/TransactionHistoryAndScheduledTransactionTab/PaymentAccountSection.test.tsx,39.22,0.00,0.00,10,288,108,9
packages/host/src/components/AccountEnquiry/AllAccount/AccountDetails/TransactionHistoryAndScheduledTransactionTab/StatementDetailCard.test.tsx,0.00,0.00,0.00,0,0,0,0
packages/host/src/components/AccountEnquiry/AllAccount/AccountDetails/TransactionHistoryAndScheduledTransactionTab/StatementDetailCard.tsx,0.00,31.25,0.00,0,0,0,0
packages/host/src/components/AccountEnquiry/AllAccount/AccountDetails/TransactionHistoryAndScheduledTransactionTab/TransactionHistoryDetailsPage.test.tsx,7.84,0.00,0.00,2,136,1,2
packages/host/src/components/AccountEnquiry/MyAccountGroups/CloneConfirmationModal.tsx,15.69,0.00,0.00,4,72,9,3
packages/host/src/components/AccountEnquiry/MyAccountGroups/EmptyTableData.test.tsx,3.92,0.00,0.00,1,29,0,1
packages/host/src/components/AccountManagement/AccountDetails/AccountDetailsList/AccountDetailViewAccount.test.tsx,3.92,0.00,0.00,1,7,0,1
packages/host/src/components/AccountManagement/AccountDetails/AccountDetailsList/AccountDetailViewAccount.tsx,3.92,0.00,0.00,1,1,0,1
packages/host/src/components/AccountManagement/AccountDetails/AccountDetailsList/AccountDetailViewServices.test.tsx,3.92,0.00,0.00,1,7,0,1
packages/host/src/components/AccountManagement/AccountDetails/AccountDetailsList/AccountDetailViewServices.tsx,3.92,0.00,0.00,1,1,0,1
packages/host/src/components/AccountManagement/AccountDetails/AccountDetailsList/TableColumn.test.tsx,19.61,0.00,0.00,5,359,15,5
packages/host/src/components/AccountManagement/AccountDetails/EditAccountDetails/EditAccountDetailsFooter.test.tsx,3.92,0.00,0.00,1,7,0,1
packages/host/src/components/AccountManagement/AccountDetails/EditAccountDetails/EditAccountDetailsHeader.test.tsx,3.92,0.00,0.00,1,7,0,1
packages/host/src/components/AccountManagement/AccountDetails/EditAccountDetails/EditAccountDetailsHeader.tsx,19.61,0.00,0.00,5,49,8,3
packages/host/src/components/ActivityLog/CompanyActivityLog.tsx,54.90,0.00,0.00,14,2085,2352,8
packages/host/src/components/ActivityLog/MyActivityLog.tsx,58.82,0.00,0.00,15,2113,2341,9
packages/host/src/components/Breadcrumb/Breadcrumb.test.tsx,11.76,0.00,0.00,3,243,0,2
packages/host/src/components/BulkUploadDialog/BulkUploadDialog.tsx,3.92,0.00,0.00,1,47,0,1
packages/host/src/components/Button/Button.test.tsx,11.76,0.00,0.00,3,14,0,3
packages/host/src/components/Chart/LimitUsageRadial.test.tsx,3.92,0.00,0.00,1,269,0,1
packages/host/src/components/Chip/FilterChip.test.tsx,3.92,0.00,0.00,1,66,0,1
packages/host/src/components/CompanyProfile/CompanyContact.test.tsx,3.92,0.00,0.00,1,67,0,1
packages/host/src/components/CompanyProfile/GeneralSettings.tsx,3.92,0.00,0.00,1,7,3,1
packages/host/src/components/CompanyProfile/GeneralSettingsCM.test.tsx,47.06,0.00,0.00,12,412,71,8
packages/host/src/components/CompanyProfile/ReviewGeneralSettings.test.tsx,35.29,0.00,0.00,9,140,59,8
packages/host/src/components/CompanyProfile/ServiceFieldDiff.test.tsx,3.92,0.00,0.00,1,65,0,1
packages/host/src/components/CompanyProfile/UpdateSuccessScreen.test.tsx,11.76,0.00,0.00,3,42,8,3
packages/host/src/components/CompanyProfile/UpdateSuccessScreen.tsx,15.69,0.00,0.00,4,33,9,3
packages/host/src/components/CompanyProfile/VerifyCurrentPassword.test.tsx,31.37,0.00,0.00,8,239,90,6
packages/host/src/components/CompanyProfile/contactDiff.test.ts,7.84,0.00,0.00,2,386,0,2
packages/host/src/components/CreateNewUser/AddAccountForm.tsx,70.59,0.00,0.00,18,997,438,8
packages/host/src/components/CreateNewUser/CompanySelection/CompanyItem.test.tsx,15.69,0.00,0.00,4,94,7,3
packages/host/src/components/CreateNewUser/RenderLimitRow.test.tsx,11.76,0.00,0.00,3,244,196,2
packages/host/src/components/CreateNewUser/ReviewAndSubmit/ReviewUserCompanyDetail.test.tsx,19.61,0.00,0.00,5,80,6,4
packages/host/src/components/CreateNewUser/SetEntitlementsForm.tsx,100.00,0.00,0.00,39,3242,1765,12
packages/host/src/components/CreateNewUser/SetLimitsForm.tsx,86.27,0.00,0.00,22,1430,806,9
packages/host/src/components/CreateNewUser/TCSetEntitlementsForm.tsx,35.29,0.00,0.00,9,254,12,5
packages/host/src/components/CreateNewUser/UserSubmissionDetail/UserAccessLandingTab.tsx,7.84,0.00,0.00,2,39,1,2
packages/host/src/components/CreateNewUser/UserSubmissionDetail/UserDetailLandingTab.tsx,15.69,0.00,0.00,4,40,4,3
packages/host/src/components/Dashboard/BalanceTransitionAccount/defaultTooltipPlugin.test.tsx,3.92,0.00,0.00,1,99,0,1
packages/host/src/components/Dashboard/DashboardNoWidgetFrame.test.tsx,11.76,0.00,0.00,3,45,26,3
packages/host/src/components/Dashboard/DashboardNoWidgetFrame.tsx,11.76,0.00,0.00,3,38,34,3
packages/host/src/components/Dashboard/DashboardWidgetFrame.test.tsx,3.92,0.00,0.00,1,81,0,1
packages/host/src/components/Dashboard/EmptyWidgetsState.tsx,7.84,0.00,0.00,2,52,0,2
packages/host/src/components/Dashboard/QuickActions/QuickActionsData.ts,31.37,0.00,0.00,8,340,47,5
packages/host/src/components/Dashboard/TaskSummary.test.tsx,15.69,0.00,0.00,4,180,11,3
packages/host/src/components/Dashboard/WidgetList.test.tsx,11.76,0.00,0.00,3,243,5,3
packages/host/src/components/Dashboard/WidgetList.tsx,19.61,0.00,0.00,5,94,13,4
packages/host/src/components/Dashboard/Widgets/MapCashFlow.test.tsx,3.92,0.00,0.00,1,79,0,1
packages/host/src/components/Dashboard/Widgets/WidgetFilter/BalanceByAccountChartFilter.test.tsx,23.53,0.00,0.00,6,493,124,4
packages/host/src/components/Dashboard/Widgets/WidgetFilter/BalanceTransitionAccountFilter.test.tsx,19.61,0.00,0.00,5,504,126,4
packages/host/src/components/Dashboard/Widgets/WidgetFilter/CalendarFilter.test.tsx,19.61,0.00,0.00,5,460,115,4
packages/host/src/components/Dashboard/Widgets/WidgetFilter/CashFlowFilter.test.tsx,19.61,0.00,0.00,5,560,140,4
packages/host/src/components/Dashboard/Widgets/WidgetFilter/PortfolioSummaryFilter.test.tsx,19.61,0.00,0.00,5,676,169,4
packages/host/src/components/Dashboard/Widgets/WidgetFilter/ThreeSixtyOverviewFilter.test.tsx,19.61,0.00,0.00,5,476,119,4
packages/host/src/components/DatePicker/DatePicker.tsx,3.92,0.00,0.00,1,43,0,1
packages/host/src/components/Dialog/DeleteDialog/DeleteDialog.tsx,3.92,0.00,0.00,1,73,0,1
packages/host/src/components/EmptyTableData/EmptyTableData.test.tsx,3.92,0.00,0.00,1,29,0,1
packages/host/src/components/EntitlementManagement/LoaGroup/DeleteLoaApprovalGroup/DeleteApprovalGroup.test.tsx,27.45,0.00,0.00,7,365,70,6
packages/host/src/components/EntitlementManagement/LoaRule/CompanyRow.test.tsx,19.61,0.00,0.00,5,146,6,5
packages/host/src/components/EntitlementManagement/LoaRule/ModalAccount.test.tsx,15.69,0.00,0.00,4,250,13,3
packages/host/src/components/EntitlementManagement/LoaRule/const.ts,19.61,0.00,0.00,5,17,10,4
packages/host/src/components/ExportDownload/ExportDownloadModal.tsx,11.76,0.00,0.00,3,86,3,3
packages/host/src/components/FilterListModal/FilterItem.tsx,11.76,0.00,0.00,3,32,6,3
packages/host/src/components/Filters/AccountGroupAccountFilters.test.tsx,35.29,0.00,0.00,9,671,335,5
packages/host/src/components/Filters/AccountGroupAccountFilters.tsx,58.82,0.00,0.00,15,1125,774,5
packages/host/src/components/Filters/AccountGroupFilters.tsx,70.59,0.00,0.00,18,577,335,7
packages/host/src/components/Filters/AccountListFilters.tsx,35.29,0.00,0.00,9,296,52,5
packages/host/src/components/Filters/ScheduledTransactionFilters.tsx,43.14,0.00,0.00,11,703,401,5
packages/host/src/components/Filters/TransactionHistoryFilters.tsx,39.22,0.00,0.00,10,634,345,6
packages/host/src/components/Footer/Footer.test.tsx,31.37,0.00,0.00,8,475,169,4
packages/host/src/components/Footer/InstructionFooter/InstructionFooter.test.tsx,27.45,0.00,0.00,7,229,19,7
packages/host/src/components/Form/CheckboxForm/CheckboxForm.tsx,7.84,0.00,0.00,2,29,2,2
packages/host/src/components/Form/DatePickerForm/DatePickerForm.tsx,3.92,0.00,0.00,1,23,0,1
packages/host/src/components/Form/NotePayment/NotePayment.tsx,3.92,0.00,0.00,1,30,0,1
packages/host/src/components/Form/SelectFromAccountForm/SelectFromAccountForm.tsx,3.92,0.00,0.00,1,41,0,1
packages/host/src/components/Form/SelectPaymentMethodForm/SelectPaymentMethodForm.tsx,3.92,0.00,0.00,1,30,0,1
packages/host/src/components/Form/SelectPurposeCategoryForm/SelectPurposeCategoryForm.tsx,3.92,0.00,0.00,1,25,0,1
packages/host/src/components/Form/SelectPurposeDetailsForm/SelectPurposeDetailsForm.tsx,3.92,0.00,0.00,1,25,0,1
packages/host/src/components/Form/SelectToAccountForm/SelectToAccountForm.tsx,3.92,0.00,0.00,1,41,0,1
packages/host/src/components/Form/SelectTransferRoute/SelectTransferRoute.tsx,3.92,0.00,0.00,1,25,0,1
packages/host/src/components/FormInputFB/Datepicker.tsx,3.92,0.00,0.00,1,24,0,1
packages/host/src/components/FormInputFB/Dropdown.tsx,3.92,0.00,0.00,1,24,0,1
packages/host/src/components/FormInputFB/TextInput.tsx,3.92,0.00,0.00,1,29,0,1
packages/host/src/components/GeneralSecurity/NotFoundPage.test.tsx,15.69,0.00,0.00,4,73,14,3
packages/host/src/components/GeneralSecurity/NotFoundPage.tsx,3.92,0.00,0.00,1,31,0,1
packages/host/src/components/GeneralSecurity/PreLoginSystemDown.test.tsx,3.92,0.00,0.00,1,41,0,1
packages/host/src/components/GeneralSecurity/PreLoginSystemDown.tsx,11.76,0.00,0.00,3,110,66,3
packages/host/src/components/GeneralSecurity/Security.test.tsx,19.61,0.00,0.00,5,78,35,3
packages/host/src/components/GeneralSecurity/Security.tsx,11.76,0.00,0.00,3,34,12,2
packages/host/src/components/GenericModal/GenericModalProvider.test.tsx,3.92,0.00,0.00,1,67,0,1
packages/host/src/components/Header/Header.tsx,39.22,0.00,0.00,10,60,10,7
packages/host/src/components/IconDisplay/IconDisplay.tsx,3.92,0.00,0.00,1,15,0,1
packages/host/src/components/LanguageDropdown/TermsAndConditionsLanguageDropdown.test.tsx,31.37,0.00,0.00,8,1490,563,6
packages/host/src/components/LanguageToggle/LanguageToggle.tsx,3.92,0.00,0.00,1,24,0,1
packages/host/src/components/Loading/loadingBarRef.ts,3.92,0.00,0.00,1,4,0,1
packages/host/src/components/LoadingOverlay/LoadingOverlay.tsx,3.92,0.00,0.00,1,34,0,1
packages/host/src/components/Login/AutoLogoutModal.tsx,11.76,0.00,0.00,3,51,3,3
packages/host/src/components/Login/FirstTimeSetupForm.test.tsx,15.69,0.00,0.00,4,126,27,4
packages/host/src/components/Login/FirstTimeSetupForm.tsx,31.37,0.00,0.00,8,101,10,5
packages/host/src/components/Login/ForgotPIN/ForgotPIN.test.tsx,23.53,0.00,0.00,6,1236,120,3
packages/host/src/components/Login/ForgotPIN/OTPForHardToken.test.tsx,15.69,0.00,0.00,4,488,0,1
packages/host/src/components/Login/ForgotPIN/OTPForHardToken.tsx,19.61,0.00,0.00,5,369,1,2
packages/host/src/components/Login/ForgotPIN/OTPForMFA.tsx,19.61,0.00,0.00,5,341,1,2
packages/host/src/components/Login/ForgotPIN/PINResetComplete.test.tsx,15.69,0.00,0.00,4,156,0,1
packages/host/src/components/Login/ForgotPIN/PINResetComplete.tsx,19.61,0.00,0.00,5,145,1,2
packages/host/src/components/Login/ForgotPIN/SetNewPIN.test.tsx,15.69,0.00,0.00,4,900,0,1
packages/host/src/components/Login/ForgotPIN/const.test.ts,15.69,0.00,0.00,4,140,0,1
packages/host/src/components/Login/ForgotPIN/const.ts,15.69,0.00,0.00,4,44,0,1
packages/host/src/components/Login/ForgotPassword/EnterPIN.test.tsx,15.69,0.00,0.00,4,428,0,1
packages/host/src/components/Login/ForgotPassword/ForgotPassword.test.tsx,50.98,0.00,0.00,13,582,414,7
packages/host/src/components/Login/ForgotPassword/PasswordResetComplete.test.tsx,15.69,0.00,0.00,4,10,6,4
packages/host/src/components/Login/ForgotPassword/PasswordResetComplete.tsx,23.53,0.00,0.00,6,8,8,4
packages/host/src/components/Login/ForgotPassword/const.test.ts,19.61,0.00,0.00,5,23,15,2
packages/host/src/components/Login/ForgotPassword/const.ts,19.61,0.00,0.00,5,23,15,2
packages/host/src/components/Login/ForgotUserId.test.tsx,19.61,0.00,0.00,5,69,14,5
packages/host/src/components/Login/ForgotUserId.tsx,31.37,0.00,0.00,8,64,22,5
packages/host/src/components/Login/MultipleLoginModal/MultipleLoginModal.tsx,7.84,0.00,0.00,2,42,44,2
packages/host/src/components/Login/QRContent.test.tsx,11.76,0.00,0.00,3,110,0,3
packages/host/src/components/Login/ResendPackage.test.tsx,19.61,0.00,0.00,5,228,99,4
packages/host/src/components/Login/ResendPassword.test.tsx,23.53,0.00,0.00,6,225,93,6
packages/host/src/components/Login/ReturnLoginButton.test.tsx,11.76,0.00,0.00,3,44,0,3
packages/host/src/components/Logout/Logout.tsx,19.61,0.00,0.00,5,114,53,5
packages/host/src/components/MultiLineText/MultiLineText.tsx,11.76,0.00,0.00,3,23,2,3
packages/host/src/components/NavBar/CircleButton.tsx,11.76,0.00,0.00,3,33,6,3
packages/host/src/components/NavBar/NotificationInbox/NotificationEmpty.test.tsx,15.69,0.00,0.00,4,66,22,4
packages/host/src/components/NavBar/NotificationInbox/NotificationEmpty.tsx,19.61,0.00,0.00,5,32,10,5
packages/host/src/components/NavBar/NotificationInbox/NotificationError.test.tsx,15.69,0.00,0.00,4,96,32,4
packages/host/src/components/NavBar/NotificationInbox/NotificationError.tsx,19.61,0.00,0.00,5,47,14,5
packages/host/src/components/NavBar/NotificationInbox/NotificationItem.test.tsx,47.06,0.00,0.00,12,801,233,9
packages/host/src/components/NavBar/PINReset/PINResetComplete.test.tsx,7.84,0.00,0.00,2,70,0,2
packages/host/src/components/NavBar/PINReset/PINResetComplete.tsx,7.84,0.00,0.00,2,54,0,2
packages/host/src/components/NavBar/PasswordReset/PasswordResetComplete.test.tsx,7.84,0.00,0.00,2,80,0,2
packages/host/src/components/NavBar/PasswordReset/PasswordResetComplete.tsx,7.84,0.00,0.00,2,54,0,2
packages/host/src/components/NavBar/PasswordReset/SetNewPasswordStep.test.tsx,11.76,0.00,0.00,3,528,4,2
packages/host/src/components/NavBar/SimpleDropdown.tsx,3.92,0.00,0.00,1,48,0,1
packages/host/src/components/Passwordless/PasswordlessOptionCard.test.tsx,15.69,0.00,0.00,4,62,3,4
packages/host/src/components/Passwordless/PasswordlessOptionCard.tsx,23.53,0.00,0.00,6,75,26,3
packages/host/src/components/Placeholder/InstructionPlaceholder.tsx,3.92,0.00,0.00,1,21,0,1
packages/host/src/components/Reports/EditReport/EditReportDetail.test.tsx,23.53,0.00,0.00,6,1527,396,4
packages/host/src/components/Reports/ReportDetailLanding/ReportDetailHeader.test.tsx,39.22,0.00,0.00,10,2037,391,5
packages/host/src/components/Reports/ReportDetailLanding/ReportDetailLayout.test.tsx,23.53,0.00,0.00,6,305,61,4
packages/host/src/components/Reports/ReportDetailLanding/ReportDetailLayout.tsx,23.53,0.00,0.00,6,155,31,4
packages/host/src/components/Reports/ReportDetailLanding/ReportSummary.test.tsx,27.45,0.00,0.00,7,656,212,4
packages/host/src/components/Reports/ReportDetailLanding/ReportTemplateTab/AmountRangeCard.test.tsx,23.53,0.00,0.00,6,140,28,4
packages/host/src/components/Reports/ReportDetailLanding/ReportTemplateTab/DeliveryTab.test.tsx,31.37,0.00,0.00,8,852,432,4
packages/host/src/components/Reports/ReportDetailLanding/ReportTemplateTab/FieldsTab.test.tsx,31.37,0.00,0.00,8,842,422,4
packages/host/src/components/Reports/ReportDetailLanding/ReportTemplateTab/deliveryCells.test.ts,23.53,0.00,0.00,6,1170,234,4
packages/host/src/components/Reports/ReportDetailLanding/summaryGroups.test.tsx,23.53,0.00,0.00,6,790,158,4
packages/host/src/components/Reports/ReportHistory/ReportHistoryDownloadModal.tsx,23.53,0.00,0.00,6,665,133,4
packages/host/src/components/Reports/RequestNewReport/StepReportDetail/ReportCriteria/AccountGroupInformation.test.tsx,15.69,0.00,0.00,4,402,134,3
packages/host/src/components/Reports/RequestNewReport/StepReportDetail/ReportDetailForm.test.tsx,27.45,0.00,0.00,7,183,39,4
packages/host/src/components/Reports/RequestNewReport/StepReportDetail/ReportDetailForm.tsx,27.45,0.00,0.00,7,83,19,4
packages/host/src/components/Reports/RequestNewReport/StepReportDetail/ReportFormat/ReportFormatSection.test.tsx,15.69,0.00,0.00,4,564,188,3
packages/host/src/components/Reports/RequestNewReport/StepReportPreviewShare/PreviewSidePanel.test.tsx,27.45,0.00,0.00,7,1368,278,4
packages/host/src/components/Reports/RequestNewReport/StepReportReview/ReportSubmitConfirmation.test.tsx,19.61,0.00,0.00,5,1160,290,4
packages/host/src/components/Reports/RequestNewReport/StepReportTemplate/TableColumn.tsx,23.53,0.00,0.00,6,416,107,4
packages/host/src/components/Reports/ScheduledReports/ScheduledReportFilters.test.tsx,23.53,0.00,0.00,6,1170,234,4
packages/host/src/components/SMBCDatePicker/SMBCDatePicker.test.tsx,11.76,0.00,0.00,3,141,6,3
packages/host/src/components/SMBCModal/index.ts,3.92,0.00,0.00,1,1,0,1
packages/host/src/components/SMBCRangeDatePicker/SMBCRangeDatePicker.tsx,15.69,0.00,0.00,4,482,5,4
packages/host/src/components/SMBCTable/SMBCTable.test.tsx,3.92,0.00,0.00,1,261,0,1
packages/host/src/components/SideBar/SideBarData.ts,100.00,0.00,0.00,63,460,206,20
packages/host/src/components/Stepper/Stepper.test.tsx,19.61,0.00,0.00,5,399,4,3
packages/host/src/components/TaskProgress/ProgressBar.test.tsx,3.92,0.00,0.00,1,17,0,1
packages/host/src/components/Taskbox/InstructionDetail/useTaskTableState.ts,3.92,0.00,0.00,1,8,0,1
packages/host/src/components/ToDoList/InstructionExpandMenu.test.tsx,11.76,0.00,0.00,3,58,2,3
packages/host/src/components/ToDoList/InstructionMenus.test.tsx,35.29,0.00,0.00,9,231,21,8
packages/host/src/components/ToDoList/InstructionSubMenu.test.tsx,11.76,0.00,0.00,3,163,2,3
packages/host/src/components/UserManagement/CompanyDetail/AccountTab.test.tsx,11.76,0.00,0.00,3,66,12,3
packages/host/src/components/UserManagement/CompanyDetail/EntitlementTab.test.tsx,3.92,0.00,0.00,1,27,0,1
packages/host/src/components/UserManagement/CompanyDetail/ServicesModal.tsx,23.53,0.00,0.00,6,129,5,6
packages/host/src/components/UserManagement/Templates/AddDomainUsers/AddDomainUsers.test.tsx,47.06,0.00,0.00,12,730,111,6
packages/host/src/components/UserManagement/Templates/CreateEditTemplate/AddAccountForm.tsx,78.43,0.00,0.00,20,1640,831,9
packages/host/src/components/UserManagement/Templates/CreateEditTemplate/InformationAndServicesForm.tsx,100.00,0.00,0.00,31,2436,1068,12
packages/host/src/components/UserManagement/Templates/EntitlementTemplateDetails/AccountTab/ServiceAccordion.test.tsx,3.92,0.00,0.00,1,45,0,1
packages/host/src/components/UserManagement/Templates/EntitlementTemplateDetails/AccountTab/ServicesModal.test.tsx,3.92,0.00,0.00,1,49,0,1
packages/host/src/components/UserManagement/Templates/EntitlementTemplateDetails/AccountTab/index.test.tsx,11.76,0.00,0.00,3,190,4,3
packages/host/src/components/UserManagement/Templates/EntitlementTemplateDetails/ServicesTab/AccountAccordion.test.tsx,3.92,0.00,0.00,1,45,0,1
packages/host/src/components/UserManagement/Templates/EntitlementTemplateDetails/ServicesTab/AccountsModal.test.tsx,3.92,0.00,0.00,1,67,0,1
packages/host/src/components/UserManagement/Templates/EntitlementTemplateDetails/ServicesTab/index.tsx,66.67,0.00,0.00,17,801,59,11
packages/host/src/components/UserManagement/UpdatePassword/SetNewPasswordStep.test.tsx,23.53,0.00,0.00,6,421,51,4
packages/host/src/components/UserManagement/UpdatePassword/UpdatePasswordModal.test.tsx,7.84,0.00,0.00,2,157,41,2
packages/host/src/components/UserManagement/UpdatePassword/UpdateSuccessStep.test.tsx,3.92,0.00,0.00,1,24,0,1
packages/host/src/components/UserManagement/UpdatePassword/UpdateSuccessStep.tsx,11.76,0.00,0.00,3,29,6,3
packages/host/src/components/UserManagement/UserDetail/UserManagementDetailLandingTab.test.tsx,7.84,0.00,0.00,2,71,6,2
packages/host/src/components/UserManagement/UserDetail/UserPrimaryCompanyTab.tsx,100.00,0.00,0.00,29,1637,753,13
packages/host/src/components/UserProfile/LanguageRow.test.tsx,3.92,0.00,0.00,1,182,0,1
packages/host/src/components/UserProfile/UserProfileLandingTab.test.tsx,11.76,0.00,0.00,3,116,11,3
packages/host/src/components/Workflow/AdminTab.test.tsx,35.29,0.00,0.00,9,251,134,4
packages/host/src/components/Workflow/CustomToggleSwitch.test.tsx,11.76,0.00,0.00,3,51,0,2
packages/host/src/components/Workflow/FinancialTab.test.tsx,23.53,0.00,0.00,6,80,6,5
packages/host/src/components/WorkflowManagement/RegisteredServicesAccordion/BuildRegisteredRows.test.ts,15.69,0.00,0.00,4,306,2,4
packages/host/src/config/apiConfig.ts,3.92,0.00,0.00,1,1,0,1
packages/host/src/config/browserSupport.test.ts,3.92,0.00,0.00,1,30,0,1
packages/host/src/config/browserSupport.ts,3.92,0.00,0.00,1,7,0,1
packages/host/src/config/themes/flowbite/BreadcrumbCustom.ts,7.84,0.00,0.00,2,20,1,2
packages/host/src/config/themes/flowbite/ButtonCustom.ts,19.61,0.00,0.00,5,142,4,3
packages/host/src/config/themes/flowbite/FormComponentCustom.ts,11.76,0.00,0.00,3,364,2,3
packages/host/src/config/themes/flowbite/MegaMenuDropdownCustom.ts,3.92,0.00,0.00,1,42,0,1
packages/host/src/config/themes/flowbite/TableCustom.ts,3.92,0.00,0.00,1,46,0,1
packages/host/src/config/themes/flowbite/TabsCustom.ts,23.53,0.00,0.00,6,223,7,3
packages/host/src/constants/APIErrorCode.ts,54.90,0.00,0.00,14,319,16,10
packages/host/src/constants/DashboardConstant.ts,19.61,0.00,0.00,5,16,4,4
packages/host/src/constants/DefaultWidgets.ts,23.53,0.00,0.00,6,122,23,5
packages/host/src/constants/InstructionType.ts,39.22,0.00,0.00,10,37,5,8
packages/host/src/constants/ReportConstants.ts,19.61,0.00,0.00,5,28,7,4
packages/host/src/constants/RouteConstant.ts,100.00,0.00,0.00,63,331,87,19
packages/host/src/constants/TrackingProgressConstant.ts,27.45,0.00,0.00,7,92,189,7
packages/host/src/constants/filter.ts,19.61,0.00,0.00,5,25,3,4
packages/host/src/contexts/FooterContext.test.tsx,7.84,0.00,0.00,2,130,0,2
packages/host/src/contexts/LoadingContext.test.tsx,7.84,0.00,0.00,2,124,0,2
packages/host/src/enums/Dashboard.ts,23.53,0.00,0.00,6,56,14,4
packages/host/src/enums/UserManagement.ts,62.75,0.00,0.00,16,86,3,8
packages/host/src/features/autoLogoutSlice.ts,3.92,0.00,0.00,1,26,0,1
packages/host/src/features/beneficiarySlice.ts,11.76,0.00,0.00,3,190,6,3
packages/host/src/features/contentSlice.test.ts,62.75,0.00,0.00,16,1143,398,9
packages/host/src/features/gatewaySlice.test.ts,43.14,0.00,0.00,11,724,25,4
packages/host/src/features/index.ts,100.00,0.00,0.00,31,115,10,14
packages/host/src/features/profileSlice.test.ts,31.37,0.00,0.00,8,573,30,3
packages/host/src/features/toastSlice.ts,7.84,0.00,0.00,2,48,2,1
packages/host/src/features/userManagementSlice.ts,11.76,0.00,0.00,3,67,2,2
packages/host/src/guard/AuthGuard.test.tsx,11.76,0.00,0.00,3,70,0,3
packages/host/src/hooks/index.test.ts,7.84,0.00,0.00,2,68,0,2
packages/host/src/hooks/index.ts,100.00,0.00,0.00,29,118,61,12
packages/host/src/hooks/reduxHooks.test.ts,7.84,0.00,0.00,2,54,0,2
packages/host/src/hooks/reduxHooks.ts,3.92,0.00,0.00,1,5,0,1
packages/host/src/hooks/useAccountEnquiryAccess.test.ts,19.61,0.00,0.00,5,152,11,2
packages/host/src/hooks/useActivation.test.ts,3.92,0.00,0.00,1,254,0,1
packages/host/src/hooks/useActiveSession.test.ts,7.84,0.00,0.00,2,182,0,2
packages/host/src/hooks/useActivity.test.ts,27.45,0.00,0.00,7,855,325,7
packages/host/src/hooks/useAddedUser.test.ts,3.92,0.00,0.00,1,313,0,1
packages/host/src/hooks/useBeforeUnload.test.ts,23.53,0.00,0.00,6,350,86,2
packages/host/src/hooks/useBulkTransfer.test.ts,7.84,0.00,0.00,2,102,0,2
packages/host/src/hooks/useBulkTransfer.ts,31.37,0.00,0.00,8,239,2,3
packages/host/src/hooks/useContent.test.ts,50.98,0.00,0.00,13,1469,310,8
packages/host/src/hooks/useDashboardWidget.test.tsx,50.98,0.00,0.00,13,102,489,9
packages/host/src/hooks/useDashboardWidget.ts,54.90,0.00,0.00,14,450,418,8
packages/host/src/hooks/useDomain.test.ts,7.84,0.00,0.00,2,122,0,2
packages/host/src/hooks/useEAdvice.ts,23.53,0.00,0.00,6,382,100,5
packages/host/src/hooks/useEffectOnce.test.ts,7.84,0.00,0.00,2,52,0,2
packages/host/src/hooks/useErrorPopup.test.tsx,7.84,0.00,0.00,2,58,0,2
packages/host/src/hooks/useErrorPopup.tsx,11.76,0.00,0.00,3,16,5,3
packages/host/src/hooks/useGeneralSettingsForm.test.ts,7.84,0.00,0.00,2,162,13,2
packages/host/src/hooks/useIdleLogout.test.ts,7.84,0.00,0.00,2,212,0,2
packages/host/src/hooks/useInstructionDropdownPortal.test.ts,7.84,0.00,0.00,2,86,0,2
packages/host/src/hooks/useInstructions.test.ts,31.37,0.00,0.00,8,871,137,6
packages/host/src/hooks/useLanguagePack.test.ts,3.92,0.00,0.00,1,131,0,1
packages/host/src/hooks/useLimit.test.ts,7.84,0.00,0.00,2,138,0,2
packages/host/src/hooks/useLocalization.test.ts,7.84,0.00,0.00,2,98,0,2
packages/host/src/hooks/useLookup.test.ts,31.37,0.00,0.00,8,185,9,6
packages/host/src/hooks/useNetworkStatus.test.ts,7.84,0.00,0.00,2,58,0,2
packages/host/src/hooks/useNetworkStatus.ts,7.84,0.00,0.00,2,24,4,2
packages/host/src/hooks/useNewTransfer.test.ts,7.84,0.00,0.00,2,74,0,2
packages/host/src/hooks/useNewTransfer.ts,3.92,0.00,0.00,1,71,0,1
packages/host/src/hooks/useNotification.test.ts,35.29,0.00,0.00,9,879,386,7
packages/host/src/hooks/useOutward.test.ts,7.84,0.00,0.00,2,588,0,2
packages/host/src/hooks/useProfile.test.ts,47.06,0.00,0.00,12,1007,150,8
packages/host/src/hooks/useQuickActions.test.ts,11.76,0.00,0.00,3,837,407,2
packages/host/src/hooks/useReport.test.ts,19.61,0.00,0.00,5,7356,1839,4
packages/host/src/hooks/useRouteChangeGuard.test.ts,7.84,0.00,0.00,2,121,1,2
packages/host/src/hooks/useSMBCMFAModal.test.ts,7.84,0.00,0.00,2,40,0,2
packages/host/src/hooks/useSMBCMFAModal.ts,3.92,0.00,0.00,1,6,0,1
packages/host/src/hooks/useTaskboxFilter.test.tsx,7.84,0.00,0.00,2,64,0,2
packages/host/src/hooks/useTaskboxFilter.tsx,27.45,0.00,0.00,7,57,13,5
packages/host/src/hooks/useUserManagementAction.test.tsx,66.67,0.00,0.00,17,917,583,8
packages/host/src/hooks/useWidget.test.ts,7.84,0.00,0.00,2,162,0,2
packages/host/src/hooks/useWorkflowNavigation.test.ts,82.35,0.00,0.00,21,1702,582,10
packages/host/src/hooks/userGateway.test.ts,7.84,0.00,0.00,2,134,0,2
packages/host/src/i18n.ts,35.29,0.00,0.00,9,56,29,4
packages/host/src/index.tsx,15.69,0.00,0.00,4,25,4,4
packages/host/src/interfaces/account/index.ts,100.00,0.00,0.00,57,2475,613,14
packages/host/src/interfaces/activation/index.ts,50.98,0.00,0.00,13,139,43,5
packages/host/src/interfaces/activityLog/index.ts,39.22,0.00,0.00,10,625,279,8
packages/host/src/interfaces/auditTrail/index.ts,11.76,0.00,0.00,3,35,0,3
packages/host/src/interfaces/auth/index.ts,3.92,0.00,0.00,1,3,0,1
packages/host/src/interfaces/auth/login/index.ts,98.04,0.00,0.00,25,329,75,10
packages/host/src/interfaces/auth/mfa/index.ts,100.00,0.00,0.00,43,577,100,13
packages/host/src/interfaces/auth/passwordless/index.ts,11.76,0.00,0.00,3,15,2,2
packages/host/src/interfaces/beneficiary/index.ts,11.76,0.00,0.00,3,124,2,3
packages/host/src/interfaces/bulkTransfer/index.ts,35.29,0.00,0.00,9,302,1,3
packages/host/src/interfaces/common/index.ts,7.84,0.00,0.00,2,55,1,2
packages/host/src/interfaces/content/index.ts,82.35,0.00,0.00,21,965,309,10
packages/host/src/interfaces/dashboard/index.tsx,78.43,0.00,0.00,20,529,140,10
packages/host/src/interfaces/domain/index.ts,15.69,0.00,0.00,4,31,11,3
packages/host/src/interfaces/eAdvice/index.ts,23.53,0.00,0.00,6,521,133,5
packages/host/src/interfaces/entitlement/index.ts,100.00,0.00,0.00,85,2953,670,19
packages/host/src/interfaces/gateway/index.ts,50.98,0.00,0.00,13,206,61,4
packages/host/src/interfaces/index.ts,78.43,0.00,0.00,20,53,14,11
packages/host/src/interfaces/instructions/index.ts,100.00,0.00,0.00,41,1181,210,16
packages/host/src/interfaces/limit/index.ts,15.69,0.00,0.00,4,103,2,4
packages/host/src/interfaces/localization/index.ts,19.61,0.00,0.00,5,58,20,3
packages/host/src/interfaces/lookup/GeneralSetting/index.ts,11.76,0.00,0.00,3,46,1,3
packages/host/src/interfaces/lookup/bank/index.ts,3.92,0.00,0.00,1,15,0,1
packages/host/src/interfaces/lookup/branch/index.ts,3.92,0.00,0.00,1,32,0,1
packages/host/src/interfaces/lookup/currencies/index.ts,11.76,0.00,0.00,3,22,1,3
packages/host/src/interfaces/lookup/index.ts,47.06,0.00,0.00,12,20,7,9
packages/host/src/interfaces/lookup/purpose/index.ts,3.92,0.00,0.00,1,10,0,1
packages/host/src/interfaces/lookup/report/index.ts,23.53,0.00,0.00,6,180,36,4
packages/host/src/interfaces/lookup/swiftcode/index.ts,43.14,0.00,0.00,11,155,105,8
packages/host/src/interfaces/newTransfer/index.ts,3.92,0.00,0.00,1,82,0,1
packages/host/src/interfaces/notification/index.ts,74.51,0.00,0.00,19,626,272,10
packages/host/src/interfaces/outward/index.ts,3.92,0.00,0.00,1,1,0,1
packages/host/src/interfaces/outward/remittance/index.ts,11.76,0.00,0.00,3,130,3,2
packages/host/src/interfaces/profile/company-list/addedUserFilter.ts,43.14,0.00,0.00,11,358,19,6
packages/host/src/interfaces/profile/company-list/index.ts,70.59,0.00,0.00,18,355,32,9
packages/host/src/interfaces/profile/corporate/index.ts,100.00,0.00,0.00,53,1106,253,13
packages/host/src/interfaces/profile/document.ts,7.84,0.00,0.00,2,44,0,2
packages/host/src/interfaces/profile/index.ts,15.69,0.00,0.00,4,9,2,2
packages/host/src/interfaces/profile/lov.ts,3.92,0.00,0.00,1,8,0,1
packages/host/src/interfaces/profile/user/index.ts,54.90,0.00,0.00,14,158,78,8
packages/host/src/interfaces/profile/userDetail.ts,47.06,0.00,0.00,12,254,9,7
packages/host/src/interfaces/profile/userProfileRetrieval.ts,15.69,0.00,0.00,4,172,8,3
packages/host/src/interfaces/reports/index.ts,86.27,0.00,0.00,22,7277,1562,7
packages/host/src/interfaces/widget/index.ts,23.53,0.00,0.00,6,204,13,6
packages/host/src/pages/AccountEnquiry/AccountList/AccountDetailsLanding.test.tsx,31.37,0.00,0.00,8,275,16,8
packages/host/src/pages/AccountEnquiry/AccountList/TransactionScheduleHistoryLanding.test.tsx,19.61,0.00,0.00,5,233,4,5
packages/host/src/pages/AccountManagement/AccountManagementLanding.test.tsx,15.69,0.00,0.00,4,323,29,4
packages/host/src/pages/AdminManagement/ApprovalMatrixManagement/ApprovalGroup/TableColumn.test.tsx,27.45,0.00,0.00,7,178,11,5
packages/host/src/pages/AdminManagement/ApprovalMatrixManagement/CreateLoaApprovalGroup/ReviewLoaApprovalGroup.test.tsx,43.14,0.00,0.00,11,880,234,7
packages/host/src/pages/AdminManagement/EntitlementManagement/Advance/loaRuleTypes.ts,15.69,0.00,0.00,4,54,2,3
packages/host/src/pages/Dashboard/Dashboard.test.tsx,86.27,0.00,0.00,22,1345,680,9
packages/host/src/pages/Dashboard/EditWidgetShortcuts.test.tsx,54.90,0.00,0.00,14,904,58,9
packages/host/src/pages/EAdvice/EAdvice.tsx,19.61,0.00,0.00,5,184,46,4
packages/host/src/pages/Login/FirstTimeSetup/CreateUserId.test.tsx,11.76,0.00,0.00,3,6,38,3
packages/host/src/pages/Login/FirstTimeSetup/SoftTokenSetup.test.tsx,11.76,0.00,0.00,3,7,4,3
packages/host/src/pages/Taskbox/InstructionDynamicContent.test.tsx,50.98,0.00,0.00,13,723,78,9
packages/host/src/pages/Taskbox/InstructionDynamicContent.tsx,100.00,0.00,0.00,32,270,81,14
packages/host/src/pages/Taskbox/InstructionDynamicHeader.test.tsx,54.90,0.00,0.00,14,177,50,9
packages/host/src/pages/Taskbox/InstructionHeader.tsx,19.61,0.00,0.00,5,26,4,3
packages/host/src/pages/UserManagement/EditUser.tsx,100.00,0.00,0.00,79,6068,4157,15
packages/host/src/pages/UserManagement/TemplateMapUtils.test.tsx,7.84,0.00,0.00,2,106,2,2
packages/host/src/pages/UserManagement/UserManagementLanding.test.tsx,43.14,0.00,0.00,11,237,35,7
packages/host/src/pages/UserManagement/ViewUserDetailLandingActionButton.test.tsx,39.22,0.00,0.00,10,841,417,6
packages/host/src/pages/index.ts,70.59,0.00,0.00,18,100,98,10
packages/host/src/react-app-env.d.ts,3.92,0.00,0.00,1,6,0,1
packages/host/src/routes/appRoutes.tsx,100.00,0.00,0.00,133,1466,705,23
packages/host/src/store/dashboardWidgetStore.ts,3.92,0.00,0.00,1,20,0,1
packages/host/src/store/userStore.ts,3.92,0.00,0.00,1,35,0,1
packages/host/src/tests/test-utils.tsx,11.76,0.00,0.00,3,65,10,1
packages/host/src/types/api.d.ts,3.92,0.00,0.00,1,0,0,1
packages/host/src/types/index.d.ts,3.92,0.00,0.00,1,2,0,1
packages/host/src/types/instruction.ts,39.22,0.00,0.00,10,55,26,8
packages/host/src/types/svg.d.ts,3.92,0.00,0.00,1,6,0,1
packages/host/src/types/user.d.ts,3.92,0.00,0.00,1,0,0,1
packages/host/src/utils/accountEnquiry/accountEnquiryUtils.test.ts,3.92,0.00,0.00,1,57,0,1
packages/host/src/utils/approvalGroup/approvalGroupUtils.test.ts,31.37,0.00,0.00,8,302,20,6
packages/host/src/utils/checkBrowser.test.ts,3.92,0.00,0.00,1,40,0,1
packages/host/src/utils/deeplink.test.ts,23.53,0.00,0.00,6,290,58,4
packages/host/src/utils/downloadFile.test.ts,7.84,0.00,0.00,2,174,0,2
packages/host/src/utils/filterDrawerUtils.test.ts,35.29,0.00,0.00,9,92,28,7
packages/host/src/utils/filterDrawerUtils.ts,35.29,0.00,0.00,9,75,27,7
packages/host/src/utils/formatAmount.test.ts,7.84,0.00,0.00,2,140,0,2
packages/host/src/utils/formatString.test.ts,7.84,0.00,0.00,2,23,1,1
packages/host/src/utils/getPermissionLabel.test.tsx,3.92,0.00,0.00,1,35,0,1
packages/host/src/utils/getPrivileges.test.ts,3.92,0.00,0.00,1,81,0,1
packages/host/src/utils/inputRegex.ts,31.37,0.00,0.00,8,57,13,5
packages/host/src/utils/languageUtils.test.ts,3.92,0.00,0.00,1,111,0,1
packages/host/src/utils/mapApiToForm.test.ts,11.76,0.00,0.00,3,163,6,3
packages/host/src/utils/mapFormToApi.test.ts,3.92,0.00,0.00,1,52,0,1
packages/host/src/utils/mapFormToApi.ts,3.92,0.00,0.00,1,6,0,1
packages/host/src/utils/maskingRules.test.ts,15.69,0.00,0.00,4,186,2,4
packages/host/src/utils/parseAmount.test.ts,7.84,0.00,0.00,2,136,0,1
packages/host/src/utils/reportUtils.test.ts,23.53,0.00,0.00,6,1959,896,3
packages/host/src/utils/useCountdown.test.ts,7.84,0.00,0.00,2,210,0,2
packages/host/src/utils/userManagement/limitDisplay.test.ts,7.84,0.00,0.00,2,142,0,2
packages/host/src/utils/userProfileMapper.test.ts,11.76,0.00,0.00,3,1515,0,3
packages/host/src/utils/validateForm.ts,3.92,0.00,0.00,1,0,0,1
packages/remote/src/App.test.tsx,3.92,0.00,0.00,1,9,0,1
packages/remote/src/App.tsx,3.92,0.00,0.00,1,26,0,1
packages/remote/src/bootstrap.tsx,3.92,0.00,0.00,1,19,0,1
packages/remote/src/components/Button.tsx,3.92,0.00,0.00,1,13,0,1
packages/remote/src/index.tsx,3.92,0.00,0.00,1,2,0,1
packages/remote/src/react-app-env.d.ts,3.92,0.00,0.00,1,1,0,1
packages/remote/src/setupTests.ts,3.92,0.00,0.00,1,5,0,1
packages/shared/src/index.tsx,3.92,0.00,0.00,1,16,0,1
